7.440658027057965584e-02 -4.524263076371741932e-05 4.097771296689176751e-03 1.649619839837414195e-03 4.300702139491500162e-04 3.824167432773430543e-05 5.080974075771855407e-04 9.724422163162012636e-05 3.449226540737946396e-04 -2.430189894753273668e-04
-4.524263076371741932e-05 8.157305924967411803e-03 2.035375587508801449e-03 3.870569556102746562e-04 7.032549390717846884e-04 5.252544395370128613e-04 4.405665451451559961e-04 2.130446605572413807e-04 -7.954158192519939624e-05 -5.020738737607265481e-05
4.097771296689176751e-03 2.035375587508801449e-03 1.986968743692922330e-03 4.058597259907516241e-04 3.756755335237471106e-04 3.379941549188022229e-04 2.382106576162368132e-04 1.501841383571151907e-04 2.699214755272320520e-05 -6.770420680741365651e-05
1.649619839837414195e-03 3.870569556102746562e-04 4.058597259907516241e-04 7.610941818265429997e-04 4.000648754577655229e-04 3.744717520280222388e-04 2.509011173551831228e-04 1.843383528797766784e-04 1.027743269633817290e-05 -5.253296558751903786e-05
4.300702139491500162e-04 7.032549390717846884e-04 3.756755335237471106e-04 4.000648754577655229e-04 5.352419312364363729e-04 4.729837998243016325e-04 4.207605530298086914e-04 2.212753133185453960e-04 -1.781131444079693001e-05 -4.870367283520874948e-05
3.824167432773430543e-05 5.252544395370128613e-04 3.379941549188022229e-04 3.744717520280222388e-04 4.729837998243016325e-04 5.087963479901653823e-04 4.433352433009105564e-04 2.307556997895975483e-04 -3.151246197043204795e-05 -4.162206034850897505e-05
5.080974075771855407e-04 4.405665451451559961e-04 2.382106576162368132e-04 2.509011173551831228e-04 4.207605530298086914e-04 4.433352433009105564e-04 4.564782881127586560e-04 2.295932312650894038e-04 -3.055479917014240852e-05 -4.242114080302638950e-05
9.724422163162012636e-05 2.130446605572413807e-04 1.501841383571151907e-04 1.843383528797766784e-04 2.212753133185453960e-04 2.307556997895975483e-04 2.295932312650894038e-04 1.596780877778917107e-04 2.767494443074958112e-07 -3.796838623279977758e-05
3.449226540737946396e-04 -7.954158192519939624e-05 2.699214755272320520e-05 1.027743269633817290e-05 -1.781131444079693001e-05 -3.151246197043204795e-05 -3.055479917014240852e-05 2.767494443074958112e-07 3.938439433607621772e-05 -2.106684552027819992e-05
-2.430189894753273668e-04 -5.020738737607265481e-05 -6.770420680741365651e-05 -5.253296558751903786e-05 -4.870367283520874948e-05 -4.162206034850897505e-05 -4.242114080302638950e-05 -3.796838623279977758e-05 -2.106684552027819992e-05 2.088720766246115581e-05
