1.907128905555399235e-03 4.416076364116958055e-04 4.203658017936074374e-04 1.901173453938836424e-04 4.335260123997723941e-05 9.935739685471013628e-05 7.951521515485477515e-05 -4.541406431234378313e-05 4.106206195074632820e-04 9.178790622237857199e-05 2.321601650839674378e-04 1.519517736291820062e-04 9.334507844786974992e-05 5.345875404699388734e-05 3.670790957427643417e-06 -5.223381999747887175e-06 1.790553434460156719e-03 5.279769661618109711e-05 7.953951957991186282e-05 1.064535363774166970e-05 4.132111785595859386e-05 4.236705326587977399e-05 -4.783204994984220090e-05 8.236599195577463641e-06 -1.552746116406162301e-03 -1.507335306935677396e-04 9.223679702183216176e-05 -8.765766494907416024e-05 -5.447966892784616386e-05 -6.295530932245833617e-05 -3.257574401355647182e-05 1.787203402290995152e-05 1.140582832867561170e-03 -9.110782304096913878e-05 -3.129931030242589542e-04 -2.275047732090997089e-05 -1.907494798385275402e-04 -3.075631048455058762e-05 -3.958492255480776080e-05 1.624706112658028752e-05 -4.122401698907200707e-03 1.324838077250024794e-03 -1.636874029225929208e-04 3.474509217317424880e-04 2.090803164933056815e-04 9.346111000582464515e-05 2.872715214426222366e-05 -3.124751275352600008e-05
4.416076364116958055e-04 6.657109358128186424e-04 2.503335447624960080e-04 5.502896344388133096e-05 5.741167023773484926e-05 5.827594264406602855e-05 7.706576878413842237e-05 -4.552721160204885732e-05 -1.112716471696860313e-04 3.150852797520571277e-04 1.530807973634168212e-04 4.211350825666585466e-05 5.480064086013363437e-05 5.142185168064006956e-06 1.605200542612855906e-05 -7.325226498312057060e-06 1.122625065987291701e-04 2.185218262687738371e-04 -2.848604603167005758e-05 -5.220412937774634678e-05 -6.500799243678864281e-06 -4.393670260490911575e-06 -4.402947397863345641e-06 -1.043046446373366761e-06 -1.401786354021215906e-03 6.345882380667172218e-04 3.345941232448218072e-05 -1.009377584629245049e-04 -5.657255575711338442e-05 -4.545319559948478349e-05 3.397738384855729940e-05 -1.661757524183346963e-05 1.183215905002425695e-03 -1.163181873175400463e-05 -1.558825654870406123e-04 -1.882867327321334787e-04 -1.308380033875866893e-04 -8.889024277983014572e-05 -1.336598541148686197e-05 1.452197814986215024e-05 1.789544074804851666e-03 8.739268655506730399e-04 1.239128580358230859e-04 1.994842400477431471e-04 -2.807744581384341099e-05 -6.691537250576069936e-05 6.644771318072013714e-05 -2.485562617351272816e-05
4.203658017936074374e-04 2.503335447624960080e-04 2.466576014045765365e-04 1.065189099505639537e-04 7.684842882023076914e-05 5.940626900237338219e-05 4.123127220159013772e-05 -2.629155833425810262e-05 1.471019012935052557e-04 8.637281788573028508e-05 1.534536468267386645e-04 9.396311426498224993e-05 7.372167165791700897e-05 4.307726543465374323e-05 1.959575231352796981e-05 -1.073826865536560618e-05 -1.554413712842400382e-04 2.047155775807674551e-05 -1.627123972686038649e-06 -8.396764966129735785e-06 -6.035047815581781345e-06 -2.270564179724700733e-05 -2.291978192619603498e-05 7.611154327375208587e-06 -1.184671307660476510e-03 1.395527115768981346e-04 2.641887508786738668e-05 -3.316512726926013825e-05 -7.359790146995902663e-07 -1.612931739221165858e-05 1.601043137170356974e-05 -6.877732847637386849e-06 8.488353546635084550e-04 -9.204660076743042456e-05 -1.113497691737773041e-04 -4.852210682160689240e-05 -6.613954428546372989e-05 -4.069559010219043539e-05 -8.112623814582043175e-06 4.869731123580830472e-06 -2.919765089137262080e-04 6.107688015233134638e-04 -5.979473442838236446e-05 1.961138225554803370e-04 8.662750716347242849e-05 1.687849534474069251e-05 6.014393598456223202e-05 -2.457363166710904731e-05
1.901173453938836424e-04 5.502896344388133096e-05 1.065189099505639537e-04 1.170021362023015689e-04 7.127435009387951407e-05 4.585845417004241536e-05 1.638285781779935438e-05 -1.354696005504968240e-05 9.204634188562356380e-05 -4.477655111276787489e-05 8.533401080467210506e-05 9.359031034967212580e-05 7.771352171298231059e-05 4.806059525409426988e-05 5.805835355763444975e-07 -5.458215795678585531e-06 -4.706023711181553360e-05 2.516701723353752872e-05 -1.151663967386219675e-06 5.664219050434874363e-05 3.802357174897272253e-05 1.795619635705616288e-05 -1.296008798153590688e-05 6.049790145590751285e-07 -3.067321344641103006e-04 -7.734555807301313419e-05 -2.714009563174212656e-05 1.732326810651733378e-05 3.559815387652851036e-05 2.551696872729405466e-05 3.525837452295318160e-09 -5.281080147631211721e-06 1.753192034054891274e-04 -1.320482694268336607e-04 -5.932381926195646679e-05 1.988991995107864869e-05 6.177565493647952276e-06 1.109320141110391917e-05 2.156710004274616454e-06 -5.233980147479959650e-06 5.233705198534321099e-04 4.250577629571765013e-04 9.061400194921051087e-05 9.644373246310438167e-05 1.124221505070444516e-04 4.318051195579748790e-05 2.134717250442104709e-05 -1.244615931195209960e-05
4.335260123997723941e-05 5.741167023773484926e-05 7.684842882023076914e-05 7.127435009387951407e-05 8.512644064774712975e-05 5.337026759052712805e-05 1.408056261564971063e-05 -1.413999828431138906e-05 2.159778930965285712e-04 1.353355082865365558e-05 6.773780804332722846e-05 7.515211038844252895e-05 6.042559543609913377e-05 5.262298084714707929e-05 1.217718092530732071e-05 -1.161805611834574196e-05 -2.272341283301404459e-04 5.188667624518896718e-05 -1.169299418951954597e-05 3.314655479313783959e-05 3.176970738017608224e-05 1.775776425356121976e-05 1.318456327041588503e-06 -6.898693777281272846e-06 -7.393260105846670698e-05 3.894912909775494301e-05 -6.549910149826195973e-06 3.456134450265806629e-05 5.073628955093285550e-05 4.244896471645754769e-05 1.611179600612964153e-05 -1.403590023090036377e-05 1.394903211033492131e-04 -1.337202263396940444e-04 -3.191799244169826603e-05 -3.918129918266612216e-06 -2.446928158362526816e-06 -1.689741170289273555e-06 -1.381109424919207954e-05 3.959503274056665416e-06 1.563677384789641852e-03 4.744990647482828241e-04 -4.549136875983806309e-05 1.684904623051722134e-05 5.673990260728743485e-05 3.509155512629253602e-05 3.347714572602056353e-05 -1.678668842084120839e-05
9.935739685471013628e-05 5.827594264406602855e-05 5.940626900237338219e-05 4.585845417004241536e-05 5.337026759052712805e-05 4.906735964320009790e-05 1.770262005073977763e-05 -1.522435805977652750e-05 1.115957101963275871e-04 5.403208586274669547e-05 4.449551591267861272e-05 4.930397228108393738e-05 4.784338888998175679e-05 4.280528416624647674e-05 1.787327968349435440e-05 -1.332992706203530028e-05 -1.735205677506590732e-04 3.995302548735819073e-05 -1.345746236588300735e-05 7.209210938855855663e-06 2.094896077277299219e-05 2.375900018907013816e-05 6.028142919409212079e-06 -8.517884336500599162e-06 -1.541086290832722593e-04 5.043681142772064516e-05 -7.203738607331418714e-06 1.150773718833240512e-05 3.404087751458561233e-05 3.110547886864183049e-05 1.120810021129004814e-05 -1.101410496790478879e-05 3.195096394596616475e-04 -8.168674881582212405e-05 -2.463688037034615538e-05 -3.230196105089398146e-06 7.151886920711709340e-06 1.558263518980084695e-05 -5.164519623536009213e-06 -1.254323100679914770e-06 4.984181316489178252e-04 4.239989534767219220e-04 -7.215053391882326203e-05 5.208360690740764675e-05 5.135015149888672671e-05 2.424711098678736387e-05 3.063549423517154065e-05 -1.721763527848197485e-05
7.951521515485477515e-05 7.706576878413842237e-05 4.123127220159013772e-05 1.638285781779935438e-05 1.408056261564971063e-05 1.770262005073977763e-05 2.369133040462498266e-05 -1.240195768271894338e-05 2.678880476100620523e-05 5.579721354589400211e-05 3.296843476653274588e-05 2.351867569208866332e-05 2.423836106175264720e-05 1.307630003648023907e-05 1.283687040870957399e-05 -7.086452206570283877e-06 -1.186649820736509552e-05 4.165854772876672035e-05 1.819643210835887851e-06 4.831049820040497367e-06 5.984240213266489583e-06 1.444771552167328917e-05 1.372737406578510754e-05 -7.705104928582793625e-06 -2.019913816253865902e-04 6.810130368098266779e-05 2.333963669949942285e-05 -1.631986081318540308e-06 1.203772091191660919e-05 4.665327077251325586e-06 1.349377099347255587e-05 -7.085493963800808225e-06 2.803194063485625023e-04 -5.299471533479811774e-05 -4.244845085953896364e-05 -2.600858097713961244e-05 -1.764309343203182261e-05 -3.852907757707283594e-06 1.872928022142225198e-06 -1.703125528122460538e-06 6.908987306264791420e-04 2.621882939842392463e-04 8.902401582721524380e-06 8.378648243443587921e-05 2.861626526920270350e-05 7.781471688350380001e-06 2.182423471045094775e-05 -1.061338472435360487e-05
-4.541406431234378313e-05 -4.552721160204885732e-05 -2.629155833425810262e-05 -1.354696005504968240e-05 -1.413999828431138906e-05 -1.522435805977652750e-05 -1.240195768271894338e-05 8.074161784066657250e-06 -1.097183589851774563e-05 -3.032090163500231387e-05 -2.213048852893914780e-05 -1.677790345306055147e-05 -1.777888421195927132e-05 -1.192675262945937466e-05 -7.437353565041691965e-06 4.921221868071258887e-06 3.394806329270253474e-05 -2.027190895451596664e-05 -2.665588423461091681e-06 -3.947131023323188240e-06 -7.124922021669590883e-06 -1.118105821340501168e-05 -6.785683503951404426e-06 4.933169916979249048e-06 1.217079740008153096e-04 -4.246639587073227539e-05 -1.000356685296842279e-05 -2.492194919038836388e-06 -1.193330263486987126e-05 -7.937193427766935799e-06 -7.768724342998403922e-06 5.342603672425134388e-06 -1.927025602794901467e-04 3.362943576722736915e-05 1.714778290698881525e-05 1.108180971761627314e-05 6.410943186770895758e-07 -3.526790389093292658e-06 -1.334923508434366395e-06 1.931226391871542216e-06 -3.590249470925903309e-04 -1.944487902486700828e-04 7.870752011775746206e-07 -4.308778299848426964e-05 -1.997201217740908301e-05 -4.645385357512893439e-06 -1.400653433240988103e-05 7.262484762061455544e-06
4.106206195074632820e-04 -1.112716471696860313e-04 1.471019012935052557e-04 9.204634188562356380e-05 2.159778930965285712e-04 1.115957101963275871e-04 2.678880476100620523e-05 -1.097183589851774563e-05 4.399008730087538427e-03 2.312513966058558760e-04 3.114381509249420136e-04 3.247673270900896625e-04 1.244783252498320820e-04 2.140333222682698792e-04 7.350129982430909741e-05 -4.200399876121533753e-05 3.948311079645284321e-04 3.907726488086360537e-04 -2.960366042435098920e-04 -3.163246871895272083e-05 -6.998995339913681609e-05 -3.524540734857870190e-05 -2.927655026499364100e-05 3.437165676593754741e-06 3.694376495813687499e-03 3.028801678794208144e-04 3.572681600653563640e-04 2.056023541995911669e-04 2.422573283968425511e-04 9.222703526781631943e-05 3.315806011300492958e-05 -7.767353476399357145e-06 -1.967681046923928055e-03 -2.397338474800873040e-04 -2.452994494038556383e-04 1.263692054666975932e-04 -2.187554317456096161e-04 -1.580133113595000381e-04 -1.881951560012724704e-04 1.051788291291399943e-04 3.921129511793244697e-03 1.363586820602256684e-03 -5.414608374504612008e-04 -4.987387589645780146e-04 1.589200371749456336e-04 4.636488128047139864e-04 4.266772276705547122e-05 -4.235165982462371919e-05
9.178790622237857199e-05 3.150852797520571277e-04 8.637281788573028508e-05 -4.477655111276787489e-05 1.353355082865365558e-05 5.403208586274669547e-05 5.579721354589400211e-05 -3.032090163500231387e-05 2.312513966058558760e-04 6.801281454837225125e-04 1.518419734498885668e-04 2.364061172805768851e-05 4.712907121644634373e-05 3.039285123417204755e-05 7.778487544799236430e-05 -3.939914559795240254e-05 -5.053430384074885642e-04 1.741682294501801999e-04 -1.043541284508567736e-04 -1.326738477242450848e-04 -5.596082802899802848e-05 1.034266010955771881e-05 2.406168759218719623e-05 -1.240792713799420058e-05 -6.236641282183746221e-04 3.123926628419751959e-04 1.818566708821178323e-04 -4.296301245631471553e-06 -1.343031568880331559e-06 -1.990955423505319540e-05 1.356398119794854259e-05 -1.017946140082780981e-05 1.928410744827116410e-03 2.759319235456390374e-04 -1.174355708353834682e-04 -3.268270564672801044e-05 -1.114618331629641527e-04 -8.125288242921614479e-06 2.446619224948956281e-06 9.179951372467079785e-06 1.278740922093485116e-03 6.947911353843553607e-04 1.253025484457854100e-04 3.193438379573938302e-04 5.553374318071138005e-05 2.992049089236173439e-05 6.172447624503817759e-05 -3.166310354938558315e-05
2.321601650839674378e-04 1.530807973634168212e-04 1.534536468267386645e-04 8.533401080467210506e-05 6.773780804332722846e-05 4.449551591267861272e-05 3.296843476653274588e-05 -2.213048852893914780e-05 3.114381509249420136e-04 1.518419734498885668e-04 2.220592035178321538e-04 1.212316674358532271e-04 9.693157302823279895e-05 4.751344442058167236e-05 1.801689000916364581e-05 -1.298722276549787774e-05 -2.036956232687986532e-04 5.585939910036130841e-05 2.433330340328908407e-05 1.028334165990699854e-05 1.287804583676281588e-05 4.471808537455532683e-06 9.959574624255564839e-07 -6.227798346021056012e-06 -7.105256639561018410e-04 -7.138104779939764561e-05 1.024705995504316400e-04 5.524546789225664068e-05 6.584346437749563088e-05 4.212867815605025224e-06 9.898302525699540272e-06 -8.995114565425777912e-06 1.115205279980348773e-03 -1.236380237433330894e-04 -1.205513170608883591e-04 -2.621764545531923461e-05 -4.476924401789305458e-05 -1.021259124335860152e-05 -1.867407968805143361e-06 3.033865693283492863e-06 1.713230421727333008e-03 8.206929247280784351e-04 1.544529854817635402e-04 1.675425261151787287e-04 1.586132462052994145e-04 5.660525814283959425e-05 4.437881751127701778e-05 -2.119637473724288605e-05
1.519517736291820062e-04 4.211350825666585466e-05 9.396311426498224993e-05 9.359031034967212580e-05 7.515211038844252895e-05 4.930397228108393738e-05 2.351867569208866332e-05 -1.677790345306055147e-05 3.247673270900896625e-04 2.364061172805768851e-05 1.212316674358532271e-04 1.646347660267994024e-04 8.881243826637408192e-05 5.764528421000173245e-05 7.731887943843895989e-06 -9.024395756375514912e-06 -1.860117319706486218e-04 5.027757736722715488e-05 -1.079766039039800773e-05 5.889729242662086376e-05 3.444435208562578860e-05 2.106752875631688520e-05 3.352937021216829475e-06 -6.297680195420380879e-06 -1.260594658976917440e-04 -1.830556985041041819e-05 -1.394814342054164187e-05 8.685318702218403845e-05 4.716028612933853423e-05 1.997550559374676444e-05 2.633057052130839797e-06 -4.324812777244172230e-06 4.864339275098278218e-04 -2.933242882190526543e-04 -2.532631130463630260e-05 7.463395777881228995e-05 1.812367276051927618e-05 2.502813674866398916e-05 -1.082071103167040233e-05 3.515703638708514186e-07 1.792340330015518507e-03 7.871169418885936263e-04 2.425104419500981887e-04 1.803699413540986961e-04 1.839246107853703292e-04 5.855233880441214236e-05 3.478755256061488271e-05 -1.935511539737939308e-05
9.334507844786974992e-05 5.480064086013363437e-05 7.372167165791700897e-05 7.771352171298231059e-05 6.042559543609913377e-05 4.784338888998175679e-05 2.423836106175264720e-05 -1.777888421195927132e-05 1.244783252498320820e-04 4.712907121644634373e-05 9.693157302823279895e-05 8.881243826637408192e-05 8.871516653484141175e-05 5.070035464596035036e-05 1.494500744601195859e-05 -1.313583811403520148e-05 -3.214061500562313215e-04 6.413062531668845532e-05 6.218419355190742981e-06 2.334352823944875789e-05 3.095224986904765094e-05 2.119225507498094274e-05 9.359205708900288512e-06 -9.637455167063105807e-06 -2.449827772574669727e-04 -7.060225858608123073e-05 -7.576817260558870182e-06 3.581711402776087936e-05 5.483887097448389317e-05 3.010789604540209345e-05 3.699107232447705464e-06 -9.587142577061078536e-06 4.233190287303667900e-04 -1.969613867913319008e-04 -6.158806599630410497e-05 4.151810502959474857e-06 2.149420516569451023e-05 3.063881745667161523e-05 7.611630705559997194e-06 -8.646881169721534792e-06 1.091363424356747366e-03 4.159616878276735179e-04 1.364966343689700894e-04 1.259012737304125360e-04 1.421618830380053436e-04 5.258517402229612452e-05 3.119359185803356846e-05 -1.975353124487942190e-05
5.345875404699388734e-05 5.142185168064006956e-06 4.307726543465374323e-05 4.806059525409426988e-05 5.262298084714707929e-05 4.280528416624647674e-05 1.307630003648023907e-05 -1.192675262945937466e-05 2.140333222682698792e-04 3.039285123417204755e-05 4.751344442058167236e-05 5.764528421000173245e-05 5.070035464596035036e-05 4.765366524190187451e-05 1.640610893851967542e-05 -1.282154740504093614e-05 -2.411187602395234518e-04 4.188192745745170699e-05 -1.820207350704994393e-05 1.397486128424833013e-05 1.871599211702246345e-05 2.204287590345633291e-05 9.154533303920348283e-06 -9.376540728665492047e-06 -3.570137669019858773e-05 -1.093843458721410151e-05 2.072392628057147243e-07 2.938235860559932131e-05 4.736618129147591793e-05 3.632885862232836972e-05 8.454295739224061809e-06 -9.439019909732842609e-06 1.844461927255094903e-04 -9.032439437492503504e-05 -3.380543123121967062e-05 1.394282657340794492e-05 1.432065095940794932e-05 1.875714265181014400e-05 -5.960010918458877252e-06 -1.638207613720672599e-06 6.600250671892056529e-04 3.762341668736454117e-04 -1.754257468948477089e-05 3.838645093055083535e-05 6.676616233954910204e-05 4.124574463094114507e-05 2.189750217381882858e-05 -1.440308523823207880e-05
3.670790957427643417e-06 1.605200542612855906e-05 1.959575231352796981e-05 5.805835355763444975e-07 1.217718092530732071e-05 1.787327968349435440e-05 1.283687040870957399e-05 -7.437353565041691965e-06 7.350129982430909741e-05 7.778487544799236430e-05 1.801689000916364581e-05 7.731887943843895989e-06 1.494500744601195859e-05 1.640610893851967542e-05 2.139568298444222667e-05 -1.086560126549411458e-05 -1.805944029226722362e-04 -6.806514218966565054e-06 -2.021417845139705793e-05 -1.929487753705406172e-05 -4.058854807978884080e-06 6.133494398896999446e-06 6.321212519655121461e-06 -3.947511098827715648e-06 -7.703640922841561186e-05 3.705832636788608222e-05 1.834919080638420854e-05 -2.744142487078744606e-06 9.733590746407854374e-06 7.285308034700003772e-06 1.101015013028313876e-05 -6.132168096175156057e-06 2.856448229968387470e-04 2.308682155316469996e-05 -1.140551925346705880e-05 -6.255475129573218920e-06 -4.026176155068192604e-06 5.698787065954579402e-06 4.428368487419030123e-06 -1.921718318786483980e-06 -8.936246264516247133e-05 2.053395852920065047e-04 -3.902356345494168972e-05 6.688090068742279389e-05 1.603644144412699765e-05 1.211248596993832944e-05 2.611503156960128953e-05 -1.188700464361539387e-05
-5.223381999747887175e-06 -7.325226498312057060e-06 -1.073826865536560618e-05 -5.458215795678585531e-06 -1.161805611834574196e-05 -1.332992706203530028e-05 -7.086452206570283877e-06 4.921221868071258887e-06 -4.200399876121533753e-05 -3.939914559795240254e-05 -1.298722276549787774e-05 -9.024395756375514912e-06 -1.313583811403520148e-05 -1.282154740504093614e-05 -1.086560126549411458e-05 6.634593300559360037e-06 8.453627489128754009e-05 -7.662233881769476564e-06 5.599071469876403018e-06 3.727489031381938181e-06 -3.387707508724426945e-06 -7.910894085046134042e-06 -5.144157922637305320e-06 3.936451950227043688e-06 3.258724838140174810e-05 -5.708818771856772017e-06 -1.377050433293216713e-05 -5.618869812236455892e-06 -1.412663569284443326e-05 -9.894032782917902674e-06 -5.277090993028845379e-06 4.267313124273760582e-06 -1.479428045720677161e-04 2.008912735583583759e-06 7.071478410519193298e-06 -6.405065277437454427e-07 -2.404525912700993025e-06 -6.722527889948996508e-06 -1.884594775358079711e-06 1.545846994700351712e-06 -2.286303378064375108e-04 -1.213199923143351078e-04 1.774360025021830378e-05 -3.414359711277350037e-05 -1.497628227457758155e-05 -9.536343040826069652e-06 -1.233831766732015211e-05 6.474006494452913839e-06
1.790553434460156719e-03 1.122625065987291701e-04 -1.554413712842400382e-04 -4.706023711181553360e-05 -2.272341283301404459e-04 -1.735205677506590732e-04 -1.186649820736509552e-05 3.394806329270253474e-05 3.948311079645284321e-04 -5.053430384074885642e-04 -2.036956232687986532e-04 -1.860117319706486218e-04 -3.214061500562313215e-04 -2.411187602395234518e-04 -1.805944029226722362e-04 8.453627489128754009e-05 1.068076907571006810e-02 1.951035033050469369e-04 6.021024910180429327e-04 6.622682812694414764e-04 4.037420517744981117e-04 3.436989438128311945e-04 -3.951265782170512497e-05 -9.478697673212277373e-06 6.035110363303179855e-03 8.519214425901496467e-05 9.777873687444307502e-04 2.463714101164473703e-04 1.193717783524430784e-04 8.549363932065381997e-05 3.542877911097169519e-05 -5.764183025159252734e-06 -7.785292764695326238e-04 6.734903790207527217e-04 7.884526723470765112e-05 3.136980720722970821e-04 -2.453097938441270768e-04 -1.910309290764140746e-04 -6.127808444668402573e-05 7.112709535257639201e-05 7.435786595378972470e-03 -2.175919136984403104e-03 -1.117753787876400165e-03 -5.166607796303770246e-04 -3.060134825483444348e-04 3.247656446461847794e-05 -2.540232282924168483e-04 9.522697177387302652e-05
5.279769661618109711e-05 2.185218262687738371e-04 2.047155775807674551e-05 2.516701723353752872e-05 5.188667624518896718e-05 3.995302548735819073e-05 4.165854772876672035e-05 -2.027190895451596664e-05 3.907726488086360537e-04 1.741682294501801999e-04 5.585939910036130841e-05 5.027757736722715488e-05 6.413062531668845532e-05 4.188192745745170699e-05 -6.806514218966565054e-06 -7.662233881769476564e-06 1.951035033050469369e-04 8.180079609117465924e-04 1.106346704842481576e-04 9.937143667371321515e-05 2.395994197845600394e-05 4.548625165196635981e-05 8.391692800087872494e-05 -4.110029150532591642e-05 1.775551517974757157e-05 6.198931504363258541e-05 -1.069718517193549048e-04 -2.177757497945008753e-05 8.555034581228147198e-05 6.976295435248470761e-05 2.261990481621495891e-05 -2.198673794277295452e-05 3.597226294958286012e-04 -2.170895672225993834e-04 -1.091835999061366904e-04 -3.527675342577777517e-06 -5.356951777835055142e-05 -3.278552118259131173e-05 -3.557728389764142014e-05 8.704548221471364259e-06 6.608551874223178059e-03 -2.339869655322824823e-04 -1.421688102116696988e-04 -9.012508951291633432e-05 4.196165248503440690e-05 6.054004596916244307e-05 -6.953914514017074189e-05 2.064176829682881037e-05
7.953951957991186282e-05 -2.848604603167005758e-05 -1.627123972686038649e-06 -1.151663967386219675e-06 -1.169299418951954597e-05 -1.345746236588300735e-05 1.819643210835887851e-06 -2.665588423461091681e-06 -2.960366042435098920e-04 -1.043541284508567736e-04 2.433330340328908407e-05 -1.079766039039800773e-05 6.218419355190742981e-06 -1.820207350704994393e-05 -2.021417845139705793e-05 5.599071469876403018e-06 6.021024910180429327e-04 1.106346704842481576e-04 2.303421845417046151e-04 1.118804994017149479e-04 7.422273937199312308e-05 4.008666416495532808e-05 2.593686284324542759e-05 -1.580052106306353385e-05 2.282243546678919678e-04 -1.498797713860345357e-04 5.062734845965592738e-05 3.557608566763487107e-05 5.186379515471624906e-05 4.046931627990155568e-05 2.004551138168926148e-05 -1.737452251494124713e-05 7.538466644256416405e-04 -4.838081340009237877e-05 7.461198699344913626e-05 4.163116049913538001e-05 6.284478143077064653e-05 3.185532705299177060e-05 2.804949434883089861e-05 -1.868679236598055467e-05 2.025345449069127380e-03 -2.534928831856158053e-04 -9.999327772737164803e-05 1.852039750804246559e-05 4.166223810368030857e-05 -6.053179756290171212e-06 -1.512765483327967162e-05 6.873309464671245166e-06
1.064535363774166970e-05 -5.220412937774634678e-05 -8.396764966129735785e-06 5.664219050434874363e-05 3.314655479313783959e-05 7.209210938855855663e-06 4.831049820040497367e-06 -3.947131023323188240e-06 -3.163246871895272083e-05 -1.326738477242450848e-04 1.028334165990699854e-05 5.889729242662086376e-05 2.334352823944875789e-05 1.397486128424833013e-05 -1.929487753705406172e-05 3.727489031381938181e-06 6.622682812694414764e-04 9.937143667371321515e-05 1.118804994017149479e-04 1.608849193158328774e-04 9.179010203645589087e-05 6.658727553720258311e-05 1.992604586956518416e-05 -1.518059759412412541e-05 5.779796290985555335e-04 -4.359080287023026751e-05 4.287107395503949702e-05 8.718999553608337459e-05 7.020316137748633053e-05 6.656404942103400543e-05 2.422855951076163453e-05 -1.757827698393677688e-05 3.272291316697605512e-04 -1.034478205702703296e-04 4.394901859667844609e-05 8.230833256144580109e-05 4.069179373773107352e-05 1.808831027521089956e-05 5.061964649024463127e-06 -7.087877278527340151e-06 2.996113247691862148e-03 1.806921220635423358e-04 8.938149822866218791e-06 3.435977492912749379e-05 5.473877311898129976e-05 1.509096279638370016e-05 -1.436629552442591893e-05 6.235218486032748376e-06
4.132111785595859386e-05 -6.500799243678864281e-06 -6.035047815581781345e-06 3.802357174897272253e-05 3.176970738017608224e-05 2.094896077277299219e-05 5.984240213266489583e-06 -7.124922021669590883e-06 -6.998995339913681609e-05 -5.596082802899802848e-05 1.287804583676281588e-05 3.444435208562578860e-05 3.095224986904765094e-05 1.871599211702246345e-05 -4.058854807978884080e-06 -3.387707508724426945e-06 4.037420517744981117e-04 2.395994197845600394e-05 7.422273937199312308e-05 9.179010203645589087e-05 9.601298399505475061e-05 6.416291066533891425e-05 1.810965114040304942e-05 -1.624673449018686498e-05 5.352467493891172393e-04 -1.579806816589777194e-05 6.275295096491614573e-05 8.014339661979362971e-05 6.073327617597346420e-05 6.387113437773914593e-05 2.065357448178090592e-05 -1.817423947338779448e-05 5.535320420174528024e-04 -7.328741713111720931e-05 1.299658350604617546e-05 3.965530608667140224e-05 4.544518350750480820e-05 2.934084480092633411e-05 7.998876342980658881e-06 -5.947953472582432820e-06 1.881687328317505287e-03 5.964234130952734882e-05 4.711994350993259795e-05 3.509172615598389475e-05 5.255381686022416604e-05 4.586683916156897771e-06 8.341755937826319655e-06 -6.205683789015344954e-06
4.236705326587977399e-05 -4.393670260490911575e-06 -2.270564179724700733e-05 1.795619635705616288e-05 1.775776425356121976e-05 2.375900018907013816e-05 1.444771552167328917e-05 -1.118105821340501168e-05 -3.524540734857870190e-05 1.034266010955771881e-05 4.471808537455532683e-06 2.106752875631688520e-05 2.119225507498094274e-05 2.204287590345633291e-05 6.133494398896999446e-06 -7.910894085046134042e-06 3.436989438128311945e-04 4.548625165196635981e-05 4.008666416495532808e-05 6.658727553720258311e-05 6.416291066533891425e-05 7.303956955016036045e-05 3.202494882266173270e-05 -2.204760079409168937e-05 3.849758835000044585e-04 2.689282089879063033e-05 6.671641855192200603e-05 5.963604671742445368e-05 5.879890854549648115e-05 5.772821057411824862e-05 2.102406461460126441e-05 -1.672119252038880598e-05 4.913267210794939038e-04 -2.130494754442159585e-05 -1.515947602339652262e-05 2.044314292368945850e-05 2.757867984865353469e-05 3.127638571226241243e-05 4.378280977094508546e-06 -6.349724310862436924e-06 1.524308115014090742e-03 2.527018251185950094e-04 -1.952839470173612523e-05 2.825893890713315567e-05 3.495816660523404370e-05 1.262124480226451405e-05 5.048304526813276270e-06 -7.775750535295346814e-06
-4.783204994984220090e-05 -4.402947397863345641e-06 -2.291978192619603498e-05 -1.296008798153590688e-05 1.318456327041588503e-06 6.028142919409212079e-06 1.372737406578510754e-05 -6.785683503951404426e-06 -2.927655026499364100e-05 2.406168759218719623e-05 9.959574624255564839e-07 3.352937021216829475e-06 9.359205708900288512e-06 9.154533303920348283e-06 6.321212519655121461e-06 -5.144157922637305320e-06 -3.951265782170512497e-05 8.391692800087872494e-05 2.593686284324542759e-05 1.992604586956518416e-05 1.810965114040304942e-05 3.202494882266173270e-05 4.221803301431921218e-05 -2.114481483686121610e-05 3.724148871729578348e-05 8.421610640504391632e-06 4.883288308553451675e-05 3.764962207908474189e-05 3.837929247548350187e-05 2.863765570520818206e-05 1.637000121053676808e-05 -9.854316132084766297e-06 1.874980586852860952e-04 -9.297693607752392406e-05 -5.078595077656218571e-05 -1.489979960328614847e-05 -1.307194378524502435e-07 6.004966873716931760e-06 -5.139132525774810460e-06 -1.159693462162846414e-06 1.534263694859484958e-03 -7.411207850571443253e-05 -3.310720084863611423e-06 -1.095201563996486159e-06 1.032685789256803247e-05 3.603837928868632351e-06 -1.796800064206903590e-06 -3.048274832503793462e-06
8.236599195577463641e-06 -1.043046446373366761e-06 7.611154327375208587e-06 6.049790145590751285e-07 -6.898693777281272846e-06 -8.517884336500599162e-06 -7.705104928582793625e-06 4.933169916979249048e-06 3.437165676593754741e-06 -1.240792713799420058e-05 -6.227798346021056012e-06 -6.297680195420380879e-06 -9.637455167063105807e-06 -9.376540728665492047e-06 -3.947511098827715648e-06 3.936451950227043688e-06 -9.478697673212277373e-06 -4.110029150532591642e-05 -1.580052106306353385e-05 -1.518059759412412541e-05 -1.624673449018686498e-05 -2.204760079409168937e-05 -2.114481483686121610e-05 1.207171959119951395e-05 -2.945723440495731375e-05 -1.814562807133226248e-06 -3.535401847924465153e-05 -2.611788513708485749e-05 -2.861010536644208521e-05 -2.120736518462856826e-05 -9.409739285928431945e-06 6.821963693811838284e-06 -1.301915898683763263e-04 5.308545091710484737e-05 2.574796882984650028e-05 6.444797933643979375e-06 -2.484645751234395983e-06 -5.812504024083240496e-06 3.455812244431813546e-06 4.972025850793576024e-07 -9.148852672709730871e-04 -2.892626636101159311e-05 1.438533536163318846e-05 -5.767503406596288023e-07 -7.860396751855166074e-06 -3.180267967819338165e-06 -8.461831275707771071e-07 2.686118840272812102e-06
-1.552746116406162301e-03 -1.401786354021215906e-03 -1.184671307660476510e-03 -3.067321344641103006e-04 -7.393260105846670698e-05 -1.541086290832722593e-04 -2.019913816253865902e-04 1.217079740008153096e-04 3.694376495813687499e-03 -6.236641282183746221e-04 -7.105256639561018410e-04 -1.260594658976917440e-04 -2.449827772574669727e-04 -3.570137669019858773e-05 -7.703640922841561186e-05 3.258724838140174810e-05 6.035110363303179855e-03 1.775551517974757157e-05 2.282243546678919678e-04 5.779796290985555335e-04 5.352467493891172393e-04 3.849758835000044585e-04 3.724148871729578348e-05 -2.945723440495731375e-05 2.020548479723372967e-02 1.095234548967633122e-03 8.846784613046932994e-04 7.328799008784216400e-04 2.650161565850809729e-04 4.951431918275578251e-04 1.370714906876761494e-04 -8.812964502342727157e-05 -5.771467194271536968e-03 2.894361199304161891e-05 9.816899385971130081e-04 1.176490084281927879e-03 5.979655863572028076e-04 2.355551713343337957e-04 -8.748321198633044241e-05 4.923930878226236038e-05 8.351691121624342604e-04 -5.886214310910563643e-03 -6.634043841788873040e-04 -1.787237024920595215e-03 -2.132079450188907577e-04 5.406287919562699062e-04 -9.685052013640505267e-05 -1.420718230600278598e-05
-1.507335306935677396e-04 6.345882380667172218e-04 1.395527115768981346e-04 -7.734555807301313419e-05 3.894912909775494301e-05 5.043681142772064516e-05 6.810130368098266779e-05 -4.246639587073227539e-05 3.028801678794208144e-04 3.123926628419751959e-04 -7.138104779939764561e-05 -1.830556985041041819e-05 -7.060225858608123073e-05 -1.093843458721410151e-05 3.705832636788608222e-05 -5.708818771856772017e-06 8.519214425901496467e-05 6.198931504363258541e-05 -1.498797713860345357e-04 -4.359080287023026751e-05 -1.579806816589777194e-05 2.689282089879063033e-05 8.421610640504391632e-06 -1.814562807133226248e-06 1.095234548967633122e-03 2.024435564972177325e-03 2.341998782351444237e-04 -3.628125425862230167e-05 -9.508149465048069797e-05 3.336207673684155495e-05 1.412413541230040444e-04 -5.708604246117262112e-05 1.150143337331445718e-03 5.652390341219313820e-05 1.189616057364042474e-04 -8.588124505009654740e-05 -4.754679360993992556e-05 -1.061738453326396906e-04 -6.483006065447665441e-05 3.601468572748473462e-05 -1.622679047326574435e-03 7.640320863549277582e-04 -5.308071100790588259e-04 -5.151501147315835130e-05 -3.347722333405988497e-04 -1.497513486224634678e-04 1.237241309112275471e-04 -3.825573644414617669e-05
9.223679702183216176e-05 3.345941232448218072e-05 2.641887508786738668e-05 -2.714009563174212656e-05 -6.549910149826195973e-06 -7.203738607331418714e-06 2.333963669949942285e-05 -1.000356685296842279e-05 3.572681600653563640e-04 1.818566708821178323e-04 1.024705995504316400e-04 -1.394814342054164187e-05 -7.576817260558870182e-06 2.072392628057147243e-07 1.834919080638420854e-05 -1.377050433293216713e-05 9.777873687444307502e-04 -1.069718517193549048e-04 5.062734845965592738e-05 4.287107395503949702e-05 6.275295096491614573e-05 6.671641855192200603e-05 4.883288308553451675e-05 -3.535401847924465153e-05 8.846784613046932994e-04 2.341998782351444237e-04 7.635783492750790194e-04 2.514593122463626559e-04 1.665277662556767751e-04 7.905912036520288820e-05 4.994727923153152087e-05 -2.845785765838559759e-05 4.113607151301853669e-04 -7.387416877641015637e-05 -2.014205364766286164e-04 6.132170681006934844e-06 -1.139117215832892422e-04 -6.244968047398068210e-05 -5.378703342663271000e-05 3.421718074998801682e-05 3.164019812469413048e-03 -5.044577196176748416e-04 -1.842561760013948740e-04 -1.533276359964555236e-05 -1.081161796082189425e-04 1.079730091928729959e-05 4.755808863191940126e-06 -6.015412946786972583e-06
-8.765766494907416024e-05 -1.009377584629245049e-04 -3.316512726926013825e-05 1.732326810651733378e-05 3.456134450265806629e-05 1.150773718833240512e-05 -1.631986081318540308e-06 -2.492194919038836388e-06 2.056023541995911669e-04 -4.296301245631471553e-06 5.524546789225664068e-05 8.685318702218403845e-05 3.581711402776087936e-05 2.938235860559932131e-05 -2.744142487078744606e-06 -5.618869812236455892e-06 2.463714101164473703e-04 -2.177757497945008753e-05 3.557608566763487107e-05 8.718999553608337459e-05 8.014339661979362971e-05 5.963604671742445368e-05 3.764962207908474189e-05 -2.611788513708485749e-05 7.328799008784216400e-04 -3.628125425862230167e-05 2.514593122463626559e-04 2.255474767484218419e-04 1.217736716439729155e-04 7.730723166174535287e-05 1.771509401090417982e-05 -1.584064450818447667e-05 3.143402571008991394e-04 -3.214247038720282126e-04 -3.881101346532376390e-05 1.099981538083825880e-04 3.175757034516463200e-05 2.739947233974602398e-05 -2.664588025102037597e-05 1.012260066746884571e-05 2.761027429217023134e-03 -4.643424237656514422e-05 1.826078290464395668e-04 4.862571565528620130e-05 9.115617628510185152e-05 3.223929110009947059e-05 -5.355293733976602123e-06 -4.954688313169916960e-06
-5.447966892784616386e-05 -5.657255575711338442e-05 -7.359790146995902663e-07 3.559815387652851036e-05 5.073628955093285550e-05 3.404087751458561233e-05 1.203772091191660919e-05 -1.193330263486987126e-05 2.422573283968425511e-04 -1.343031568880331559e-06 6.584346437749563088e-05 4.716028612933853423e-05 5.483887097448389317e-05 4.736618129147591793e-05 9.733590746407854374e-06 -1.412663569284443326e-05 1.193717783524430784e-04 8.555034581228147198e-05 5.186379515471624906e-05 7.020316137748633053e-05 6.073327617597346420e-05 5.879890854549648115e-05 3.837929247548350187e-05 -2.861010536644208521e-05 2.650161565850809729e-04 -9.508149465048069797e-05 1.665277662556767751e-04 1.217736716439729155e-04 1.437964689732750261e-04 8.621628077968749400e-05 2.229615772905955103e-05 -2.201772576725511457e-05 2.920133294768134918e-04 -1.773432667795329259e-04 -7.000751838874685472e-05 2.163620830356731195e-06 1.651548406584019379e-05 1.671255427262233884e-05 -1.076008250485174982e-05 8.027003586280992656e-07 3.218069969906430829e-03 1.699974142533796110e-04 -9.522434780344435151e-05 -2.176963995458770258e-05 6.379416673553596094e-05 4.804586190431403840e-05 -1.663765996061054726e-06 -6.611992108531035586e-06
-6.295530932245833617e-05 -4.545319559948478349e-05 -1.612931739221165858e-05 2.551696872729405466e-05 4.244896471645754769e-05 3.110547886864183049e-05 4.665327077251325586e-06 -7.937193427766935799e-06 9.222703526781631943e-05 -1.990955423505319540e-05 4.212867815605025224e-06 1.997550559374676444e-05 3.010789604540209345e-05 3.632885862232836972e-05 7.285308034700003772e-06 -9.894032782917902674e-06 8.549363932065381997e-05 6.976295435248470761e-05 4.046931627990155568e-05 6.656404942103400543e-05 6.387113437773914593e-05 5.772821057411824862e-05 2.863765570520818206e-05 -2.120736518462856826e-05 4.951431918275578251e-04 3.336207673684155495e-05 7.905912036520288820e-05 7.730723166174535287e-05 8.621628077968749400e-05 8.254904688653587146e-05 2.769325528185208161e-05 -2.283247175573218678e-05 3.109472399357196787e-04 -8.419800407625278600e-05 -8.002566580399530770e-06 2.855337043728243751e-05 3.737881775195943677e-05 2.544781509871285534e-05 -5.950603062454664976e-06 -2.468814015232821506e-06 1.517238868859088589e-03 8.021471913727994596e-05 -1.252402318840661617e-04 -3.423290171103890553e-05 1.825971071199455163e-05 2.266466186942958259e-05 3.069741463613590850e-06 -6.058771237236218930e-06
-3.257574401355647182e-05 3.397738384855729940e-05 1.601043137170356974e-05 3.525837452295318160e-09 1.611179600612964153e-05 1.120810021129004814e-05 1.349377099347255587e-05 -7.768724342998403922e-06 3.315806011300492958e-05 1.356398119794854259e-05 9.898302525699540272e-06 2.633057052130839797e-06 3.699107232447705464e-06 8.454295739224061809e-06 1.101015013028313876e-05 -5.277090993028845379e-06 3.542877911097169519e-05 2.261990481621495891e-05 2.004551138168926148e-05 2.422855951076163453e-05 2.065357448178090592e-05 2.102406461460126441e-05 1.637000121053676808e-05 -9.409739285928431945e-06 1.370714906876761494e-04 1.412413541230040444e-04 4.994727923153152087e-05 1.771509401090417982e-05 2.229615772905955103e-05 2.769325528185208161e-05 3.338301581691370561e-05 -1.678185973065461886e-05 3.438877489890336861e-04 -3.139660076209634939e-05 4.511294495945602541e-06 -5.962387576400804672e-06 -6.165901728652560997e-07 -8.335528819170033923e-06 -2.853483376551174208e-06 1.105523134337808706e-06 3.925495282927665870e-04 1.856011658465080497e-04 -1.207210833715475926e-04 1.932524566483854114e-05 -2.421900307104351413e-05 -9.046137463224733656e-06 2.431387138367523042e-05 -7.914677338572710701e-06
1.787203402290995152e-05 -1.661757524183346963e-05 -6.877732847637386849e-06 -5.281080147631211721e-06 -1.403590023090036377e-05 -1.101410496790478879e-05 -7.085493963800808225e-06 5.342603672425134388e-06 -7.767353476399357145e-06 -1.017946140082780981e-05 -8.995114565425777912e-06 -4.324812777244172230e-06 -9.587142577061078536e-06 -9.439019909732842609e-06 -6.132168096175156057e-06 4.267313124273760582e-06 -5.764183025159252734e-06 -2.198673794277295452e-05 -1.737452251494124713e-05 -1.757827698393677688e-05 -1.817423947338779448e-05 -1.672119252038880598e-05 -9.854316132084766297e-06 6.821963693811838284e-06 -8.812964502342727157e-05 -5.708604246117262112e-05 -2.845785765838559759e-05 -1.584064450818447667e-05 -2.201772576725511457e-05 -2.283247175573218678e-05 -1.678185973065461886e-05 1.058303324969028860e-05 -2.096360819290833872e-04 2.818377583223687514e-05 -3.848570343333056297e-06 -3.282398574873215503e-07 -8.442075602582784332e-06 -3.545631459274147155e-06 -1.539004041686798399e-07 1.185371192079077105e-06 -3.834395468164747086e-04 -1.202221153736030479e-04 5.763752753201948210e-05 -1.259793512432882333e-05 3.321887418379898730e-06 9.460269695018378233e-07 -1.200530555632449949e-05 4.901010336590613600e-06
