1.649479232316090763e-03 1.022237547795575453e-03 1.034161219699246230e-03 9.887191686966092987e-04 9.016759301516355128e-04 6.069061045165548545e-04 3.198030130613149021e-04 1.948641730057643062e-04 -4.975285047337384852e-05 -3.941677248377188538e-05 1.206762839138796241e-04 -3.689200623548723624e-04 -1.553715234657262643e-04 -2.323158121457022255e-04 -1.926656210324579211e-04 -1.170294425984542589e-04 -8.865457047237320645e-05 -2.154388002141699850e-05 1.891315151299865344e-05 -1.085025381912824289e-05 4.426078680373807706e-04 -5.080683141236006948e-04 -2.386428280735041450e-04 -2.904795957250816320e-04 -3.004948817076509956e-05 3.433998652518620580e-05 2.075099204543656489e-05 2.128884845768811698e-05 -5.651487839588164062e-06 -9.389574819056480251e-06 -5.487759925994272836e-04 -2.367649452976353601e-05 -3.413990058975949009e-04 -2.824796135883491602e-04 -6.366862655836037159e-05 -1.445016258015212579e-05 -3.776137979392194847e-06 -1.711437495204786729e-05 -2.157646386435940138e-06 -1.321518261101381578e-05 -2.046376831166672305e-03 2.138647243539710957e-05 -1.095543697881723151e-03 -1.967550980615402612e-04 -4.065685626262488138e-04 -2.407749072977585119e-04 -1.036962871094033951e-04 -4.816588749175086291e-05 2.313128782939644163e-05 -1.491128623150664470e-05 -1.490376765865423191e-02 2.613081105890923891e-02 5.123583786121690443e-03 -3.818824168627528676e-04 -1.771622522082461721e-04 2.068054797577338481e-05 -1.239301679131905381e-05 -1.082988549060474420e-05 8.499096697988098509e-05 -6.605702621327599693e-05
1.022237547795575453e-03 1.373524923379322539e-03 1.120133928732552171e-03 1.081850711756029201e-03 9.377988119675624091e-04 5.976552928338115574e-04 3.709184326509493298e-04 1.998274267090952190e-04 -7.951199298239152119e-05 -1.769499037866151031e-05 7.904126968547934813e-04 2.901711958138738882e-04 4.381692198939044348e-04 4.027577312383911340e-04 2.605754789816881658e-04 1.690404560170975855e-04 1.561954133296798676e-04 1.233328608298333098e-04 -2.110455303804366416e-05 -2.293580064640086244e-05 1.766020880275705174e-04 -8.986595182919728870e-06 3.654190707380979616e-05 2.089821705042566816e-04 2.639786857337688667e-04 1.428603010174107294e-04 1.647860177294453981e-04 6.519572388519973634e-05 -2.418066664824597046e-05 -8.701300772288340037e-06 -1.014999322745999133e-03 4.169414070436043259e-04 -4.528204519165098338e-05 9.644491824641282605e-05 2.354878854440176843e-04 1.196220006422612017e-04 1.323236619657153972e-04 4.826813356265397800e-05 -1.767233116943653544e-05 -1.494356241760436976e-05 -3.425469213373472533e-03 -1.186853751704159939e-03 7.333771917687153098e-05 7.624696276751213994e-04 1.289022803732292925e-04 4.588044049314981702e-05 6.652865137978925642e-05 1.870779477605491098e-05 -1.204922522815402639e-05 -1.381252634892123448e-05 7.915983229392378057e-03 5.639616764900182329e-03 3.873387743446833013e-03 7.487702108380160475e-04 1.536551054057188129e-03 1.554752855045726182e-04 5.441753054161782826e-04 1.888020544710363098e-04 -5.504954723854216123e-05 -3.855662257145368789e-05
1.034161219699246230e-03 1.120133928732552171e-03 1.082163736267978578e-03 1.009178238475698722e-03 8.794316315531827601e-04 5.691062691305160456e-04 3.522249235969489149e-04 1.984979330233649559e-04 -6.191643715295796536e-05 -2.477987955129786057e-05 4.893472231895587424e-04 -8.427638853593263795e-07 1.088215915768349297e-04 1.108907822227522599e-04 1.509813953355929296e-05 9.596010842449636695e-06 1.383767987695831861e-05 1.748873666705811331e-05 -3.040282498918484166e-06 -7.380248686222074972e-06 3.122478038290912281e-05 -3.233839060943544309e-05 1.866252090632574789e-04 2.882964275014489059e-04 3.258273662528603383e-04 2.144575413238489561e-04 1.870933356491509623e-04 6.877905140328734765e-05 -1.791483058721702094e-05 -1.271987202940966837e-05 -1.596738993022066592e-03 6.382811285204714833e-04 2.363289053693314306e-04 3.097063711709634637e-04 3.332854459268159313e-04 1.912735561170109718e-04 1.656328498181902675e-04 4.183496341561160359e-05 -2.371744204100857415e-05 -9.354666228577299835e-06 -3.290940823079192053e-03 -5.789377227158569580e-04 -3.017605914569557700e-04 4.414930444285743681e-04 -8.955728925813407043e-05 -1.056426233569120031e-04 -2.685942755883255132e-05 -1.961977959965846983e-05 1.323575921470443499e-06 -4.556598494127270474e-06 -5.518037492758357497e-03 9.862986350148724921e-03 5.572168320463689178e-03 6.300442636999526759e-04 6.077388810040065380e-04 6.102048696525315749e-05 2.391600591673357788e-04 4.629239422503188793e-05 -8.384598620111537108e-06 -2.712161941274112353e-05
9.887191686966092987e-04 1.081850711756029201e-03 1.009178238475698722e-03 1.009807052202906863e-03 8.574338283105274825e-04 5.621159014261309719e-04 3.596186730198992765e-04 1.969597546912247384e-04 -6.173077626677386321e-05 -2.441800717155117673e-05 3.634908989265931605e-04 -1.622262177779103647e-05 9.110199539210741030e-05 8.555517409286404306e-05 -1.243189224501959956e-05 -1.790264211596998985e-05 -8.759684820041467934e-06 9.960248988823158672e-06 -1.725800808531256975e-06 -5.452600207351531072e-06 3.465873439481398062e-04 -5.348083453172815574e-05 6.694621876656438569e-05 2.132491444779385553e-04 2.651383561166053291e-04 1.682730882264602695e-04 1.879543927572697374e-04 8.563746096674332612e-05 -1.397843938516813594e-05 -1.802731054897035068e-05 -1.262464571634819592e-03 5.192597973782875267e-04 1.618231450683806874e-04 2.127129344435416071e-04 2.534568437130106373e-04 1.173015249375855540e-04 1.381444998720535915e-04 5.318406016846788229e-05 -2.299448520672835235e-05 -7.424059333906887224e-06 -3.567128030989462004e-03 -6.319075430888206795e-04 -2.429106789651116084e-04 3.560599684640582303e-04 -1.390043910253020351e-04 -1.122813557514712820e-04 -2.264274850434601957e-05 -1.323302261321090353e-05 -2.014903745173692049e-06 -4.845938083778346015e-06 -1.584042017792805556e-03 7.542381027413377903e-03 3.285374496334957269e-03 4.752455957739770893e-04 3.732719044956647248e-04 -8.138628160713570509e-05 1.349304021261318561e-04 -1.718661913770410564e-05 -3.068113710847067459e-05 2.627223569800018244e-06
9.016759301516355128e-04 9.377988119675624091e-04 8.794316315531827601e-04 8.574338283105274825e-04 7.630826834025560045e-04 4.982595915160998017e-04 2.969760426083847674e-04 1.576738824613877832e-04 -5.561970910727736996e-05 -1.766225872698481796e-05 3.229968496674480894e-04 -5.005786062468340828e-05 6.474464041936950148e-05 2.911844710995978517e-05 -4.212389847796993772e-05 -3.660125624124160144e-05 -1.241422294938973236e-05 1.722465242472218095e-05 1.976889860436098020e-06 -8.049025831775880204e-06 -8.074678882066630033e-05 -2.563347332505295649e-04 -1.463398685537032121e-04 -2.835229751093709211e-05 7.584300951814457203e-05 5.403381423985174729e-05 7.107875725522525402e-05 2.360078050102807379e-05 1.961313788769488147e-06 -1.079075247492463160e-05 -1.425632367301147424e-03 2.194755294371934762e-04 -1.126533170434248593e-04 -3.582186798294116555e-05 4.726772860822606653e-05 -2.409078019625862411e-06 1.843702334413508970e-05 -2.340209656282181336e-06 -5.261457793083602192e-06 -2.436291667888212961e-06 -2.550950651670961730e-03 -3.139139239455065577e-04 -3.681574473463918962e-04 2.807711655634181447e-04 -1.525812102062405653e-04 -1.074486591639169092e-04 -3.892281594187724616e-05 -8.232986403093356273e-06 8.743559248295279076e-06 -1.007537956547315558e-05 -1.368690318369000965e-03 7.696897237699449820e-03 3.205928811029525038e-03 2.978272050529201932e-04 3.559704156780800054e-04 -7.940974385760864553e-05 9.883618481823886555e-05 2.977736076234377202e-05 8.208775617888459885e-07 -1.954670150077942057e-05
6.069061045165548545e-04 5.976552928338115574e-04 5.691062691305160456e-04 5.621159014261309719e-04 4.982595915160998017e-04 3.346814875289918167e-04 2.028163893830671894e-04 1.071741672628045327e-04 -3.361474239081370055e-05 -1.467846677192852684e-05 2.174386855621955009e-04 -5.303068602806993193e-06 5.786712525650419088e-05 3.447225327228476164e-05 -9.391961027136852791e-06 -9.603217492834049780e-06 -5.088821316792517184e-06 1.094911213759665107e-05 2.086043550752556822e-06 -6.330200727636509435e-06 4.352834696392821073e-05 -1.678305858470986137e-04 -1.198984036789931288e-04 -4.519648217003012508e-05 1.889066393840915469e-05 1.825252987982626266e-05 4.575779043907987414e-05 1.721640436165575773e-05 4.319023133060889408e-06 -9.708778762375930106e-06 -8.452931235947715692e-04 1.318018157408692970e-04 -1.056091451289792939e-04 -5.380748275877010177e-05 -1.157194457602263868e-05 -3.259968931281757057e-05 2.935266083807860192e-06 -5.567508832579714763e-06 -8.050448818121487276e-07 -2.267195179475848771e-06 -1.663240297370794513e-03 4.914020348650655556e-05 -2.199040110862159167e-04 2.122764789692089789e-04 -7.684940956185247268e-05 -5.700814462526388647e-05 -1.949034110409767688e-05 -7.204507457804498828e-06 3.151430289697710025e-06 -6.377135350163339306e-06 -1.557277348740166009e-03 4.492918787670620827e-03 1.568675587621647799e-03 1.350022452568499912e-04 1.474456082628114114e-04 6.039124706362815512e-06 4.839599476805026137e-05 -3.219274232300724595e-06 5.762262621492493452e-06 -1.190297934081014236e-05
3.198030130613149021e-04 3.709184326509493298e-04 3.522249235969489149e-04 3.596186730198992765e-04 2.969760426083847674e-04 2.028163893830671894e-04 1.578747456722887673e-04 8.870478417014221494e-05 -1.747244596936427328e-05 -1.523498360072253652e-05 1.810556461301608027e-04 5.290954456516580617e-05 6.246383451092714606e-05 5.595974907977291205e-05 1.516125208707810782e-05 8.282635189775832809e-06 9.911030355235869618e-06 1.299968193703505302e-05 -5.253792676714177209e-06 -1.780196215948291978e-06 1.175713874877870992e-04 -2.284634054660943049e-04 -6.172729487080110304e-05 3.753648809047139531e-05 2.353791042883225361e-05 2.291401400422520647e-05 9.954592775977617240e-05 6.012384476301952589e-05 2.149385442903603354e-06 -1.643745986475922681e-05 -6.017661214601243997e-04 1.602756998913602667e-05 -1.963109668033190117e-05 4.288208377147670791e-05 1.292069918001784085e-05 -2.557979516753567826e-05 6.561929351591274306e-05 4.681879716640184326e-05 -1.024920931145730865e-08 -1.155394260693161703e-05 -1.740985932456412663e-03 -7.323027610383642412e-05 1.042212974000915771e-05 1.923100293752151308e-04 -3.236291888961238025e-06 -1.949305088939595383e-06 1.477113831451259192e-05 5.616085651592886686e-06 -4.942649919168713970e-06 -4.560362378341083331e-06 -8.915811965953335597e-04 1.835370507513448381e-03 7.031961771626382999e-04 1.169469567783738828e-04 8.430574931950263250e-05 4.351917244785126102e-05 4.536243630090399206e-05 -4.295606383614143073e-05 -4.803155452786307882e-07 -1.827379383292717786e-06
1.948641730057643062e-04 1.998274267090952190e-04 1.984979330233649559e-04 1.969597546912247384e-04 1.576738824613877832e-04 1.071741672628045327e-04 8.870478417014221494e-05 6.670211128289278506e-05 -7.290456146197123908e-06 -1.360321446798808396e-05 1.380175424630974621e-04 5.550703978672669067e-05 4.616447267974696744e-05 4.683239734209892899e-05 2.334588551661713628e-05 1.833635433459947152e-05 8.929535191522952297e-06 8.450033188109997491e-06 -5.332173621171231397e-06 -6.415641650128762009e-08 1.861598975867101761e-04 -7.538558739955130588e-05 6.713330749487992331e-05 8.072661952537742277e-05 5.637207520278331304e-05 4.008458813334628225e-05 7.637014703247254396e-05 5.577106438667416596e-05 -1.100371793279532855e-07 -1.392651512056458832e-05 -2.265525165474840486e-04 8.013368344829206031e-05 1.029019972802988658e-04 9.515292234762731075e-05 5.436818726905728833e-05 2.454984350925252270e-05 6.322554009284913853e-05 5.062303842663289446e-05 -2.014957200673290336e-06 -1.271039762824591205e-05 -7.512085356298340601e-04 1.427896581545952132e-04 7.148875095345450783e-05 8.512589475738668117e-05 -8.464903676477636204e-06 -1.133557248208087075e-05 -2.563489817374085654e-07 3.277644210864029337e-06 -6.766254400422809719e-06 -1.593856548547482741e-06 -1.582643707468599009e-03 2.580354450035998032e-03 6.203396611907377109e-04 8.042957781455352677e-05 1.325591174360921034e-04 1.243943955996617819e-05 3.942681624161489844e-05 -8.476422333430092283e-06 3.969984385308435721e-06 -9.126535333157115236e-06
-4.975285047337384852e-05 -7.951199298239152119e-05 -6.191643715295796536e-05 -6.173077626677386321e-05 -5.561970910727736996e-05 -3.361474239081370055e-05 -1.747244596936427328e-05 -7.290456146197123908e-06 1.371937878853627352e-05 -5.515541974425805126e-06 -1.052581456540943909e-05 -4.100263013495468456e-05 -2.501788245341676433e-05 -3.121766471366610451e-05 -1.524087709107683866e-05 -7.582522821017860028e-06 -1.163700809286854743e-05 -7.463582062956806236e-06 7.693492208825473220e-06 -2.395518296253963413e-06 1.273399952492371037e-04 4.746467752363731654e-05 3.613558949335397082e-05 1.026800058744703297e-05 7.590233796504791791e-06 8.026569727616127031e-06 4.530017919193763158e-06 1.391015456390985723e-05 8.602902543744396960e-06 -7.305337923958852086e-06 1.506836325765758991e-04 4.826918114863170030e-05 2.713000068210003968e-05 1.554045198736644945e-05 9.893771235204700743e-06 6.791735304669458286e-06 8.663623949062318645e-06 7.880618255203818392e-06 9.305755218955143879e-06 -6.742165309687539877e-06 6.097172406399134492e-04 7.440861851605683598e-05 -2.736154965060009405e-05 -3.476470574220249940e-05 1.997614614332356896e-07 -1.509982905869356582e-05 -5.330254160531987695e-06 -4.289505200211279861e-07 7.787112265371549596e-06 -3.363602593308006438e-06 1.467049378362645685e-03 -2.881867253966003263e-04 2.129433725004021573e-04 -2.269823831459132097e-06 -1.333632035907357180e-04 9.537023314583094934e-06 -1.429569711305588913e-05 3.939106771796629622e-06 2.024441854373715892e-05 -1.139077402671877508e-05
-3.941677248377188538e-05 -1.769499037866151031e-05 -2.477987955129786057e-05 -2.441800717155117673e-05 -1.766225872698481796e-05 -1.467846677192852684e-05 -1.523498360072253652e-05 -1.360321446798808396e-05 -5.515541974425805126e-06 7.454316352504064182e-06 -4.491441522601584012e-05 5.370788824753508236e-06 2.263615879387744919e-06 5.435975020692243331e-06 2.163490596536735447e-06 -1.733325104203423431e-06 3.445325001916314551e-06 1.306758750108804137e-06 -2.801097029932002930e-06 1.917845884116813132e-06 -1.215805580565068464e-04 -2.046810159853928537e-05 -4.024548155082789138e-05 -3.362634417377906900e-05 -2.829850663051948774e-05 -2.235000518181824266e-05 -2.455620763075505743e-05 -2.304987169098097233e-05 -3.569838472438189108e-06 7.829673797597065373e-06 -2.749827517935425508e-05 -5.676694676522039241e-05 -4.321149522943634047e-05 -3.967823632087381474e-05 -2.700353583804907759e-05 -1.818521228515219442e-05 -2.405316130850477678e-05 -1.764485051211427436e-05 -3.488542625006980897e-06 7.198288260228792440e-06 -1.810121055145001668e-04 -8.499429068514413404e-05 1.709065982983927283e-05 -2.705772223698676535e-06 8.232558837285300428e-07 6.869958561714058307e-06 2.547298150851663265e-07 -2.440205437268846645e-06 -3.455128134407304214e-06 3.875223516626192761e-06 -5.049691241525531161e-04 -6.215223374359018149e-04 -3.590419425693025502e-04 -5.160387224559752741e-05 3.225698771987665675e-05 -1.992773119535425162e-05 1.939691249304282350e-06 -6.640829444835394387e-06 -1.348347556192552360e-05 1.090286570377564505e-05
1.206762839138796241e-04 7.904126968547934813e-04 4.893472231895587424e-04 3.634908989265931605e-04 3.229968496674480894e-04 2.174386855621955009e-04 1.810556461301608027e-04 1.380175424630974621e-04 -1.052581456540943909e-05 -4.491441522601584012e-05 5.135007243242247117e-03 4.097806741734382092e-03 3.281811653967429618e-03 3.000791845787082780e-03 2.599713707134804295e-03 1.607438462653670679e-03 9.161365126721472598e-04 4.639686288376101714e-04 -1.298360835999908978e-04 -7.594482534785603498e-05 3.254785467534629557e-04 -4.613760397613432475e-04 -3.657624587271452577e-05 4.602189505156814402e-04 2.695892902290552900e-04 2.444035148590481608e-04 2.782632576923937387e-04 2.780440544095144064e-04 3.043312649277356641e-05 -8.612900523893665965e-05 -2.351287251514677223e-03 9.804005891198141619e-05 2.813479234586920984e-04 3.432936022662836056e-04 3.396093938314647754e-04 3.371679178275194234e-04 3.180975831632518332e-04 3.145122603798214097e-04 6.288539894395952427e-05 -1.268001881298890735e-04 -5.038187735517197699e-05 1.139268465931695491e-03 2.970177764336102283e-03 4.197955297101521946e-03 3.839281326199502249e-03 2.247395769329391980e-03 1.323148229407279317e-03 5.240620307457413999e-04 -2.121616496310426889e-04 -6.977455799232567092e-05 3.170809470983507183e-02 -3.587076435395534363e-02 -7.753830239037988806e-03 1.014521753218099002e-02 5.973409242269735360e-03 3.087052316764570155e-03 2.789690777775037569e-03 1.028869825764456561e-03 -9.434590788259820720e-05 -2.629486984745823619e-04
-3.689200623548723624e-04 2.901711958138738882e-04 -8.427638853593263795e-07 -1.622262177779103647e-05 -5.005786062468340828e-05 -5.303068602806993193e-06 5.290954456516580617e-05 5.550703978672669067e-05 -4.100263013495468456e-05 5.370788824753508236e-06 4.097806741734382092e-03 5.756193903109333571e-03 3.870607302763673808e-03 3.628944025689732292e-03 3.136536199467599654e-03 1.824252155144535188e-03 9.557726289140954130e-04 4.349284480902008564e-04 -2.115626739432934975e-04 -1.843102803273836566e-05 -1.804902348918343375e-03 -1.433792642402986414e-03 -8.248094949828422813e-04 -3.179020209943085796e-05 -2.272065598086097933e-04 -1.312624563333874639e-04 1.004323688663479784e-04 5.472304842587314528e-05 -1.432102413090701881e-05 -2.017088899810846212e-06 -1.612086147263124642e-03 -2.285371881312036387e-03 -6.654914649048718038e-04 -2.623572754462190110e-04 -2.491188583695760970e-04 -2.077238403409807101e-04 5.736031662635946923e-05 1.159113335332983874e-04 3.578494758324096025e-05 -3.491469300143790330e-05 -4.627675437603871364e-04 1.662114112789342445e-03 3.304275757264649605e-03 4.879482007053670238e-03 4.261508976748108399e-03 2.462733512065242575e-03 1.349957963576465950e-03 3.361844702511258050e-04 -2.515446454574932016e-04 -6.508963005807338668e-06 2.286321969601871548e-02 -3.465942391069912198e-02 -1.772017637805960860e-02 9.193967322477314755e-03 7.047166345749206716e-03 3.261332863951839356e-03 3.553994891616793408e-03 7.725544522260257814e-04 -3.549837770828862785e-04 -8.138903732673309730e-05
-1.553715234657262643e-04 4.381692198939044348e-04 1.088215915768349297e-04 9.110199539210741030e-05 6.474464041936950148e-05 5.786712525650419088e-05 6.246383451092714606e-05 4.616447267974696744e-05 -2.501788245341676433e-05 2.263615879387744919e-06 3.281811653967429618e-03 3.870607302763673808e-03 3.147755350580122135e-03 2.900727643799229719e-03 2.540412814923567134e-03 1.512222156363465927e-03 8.496425016765434685e-04 4.154602150777807093e-04 -1.666762609162418063e-04 -2.849117864238171909e-05 -4.630941614703154119e-05 -1.005867062934555703e-03 -6.740881859893220213e-04 -2.326395681662292404e-04 -3.211836384540750402e-04 -1.875261653274844838e-04 1.001765923603319498e-05 6.531707833421191800e-05 1.980201039574397954e-05 -2.002886876545878850e-05 -1.340252730655251906e-03 -1.245223187873490582e-03 -6.628041093990118954e-04 -4.966389676452074350e-04 -3.769413110611804976e-04 -2.939646961018916975e-04 -5.655251091798607670e-05 8.259178233116080037e-05 4.790191655150820028e-05 -3.742676945357066700e-05 -1.431577058097389596e-03 1.463499989434161172e-03 2.536773833742630470e-03 4.081686624874042435e-03 3.540885220657024463e-03 1.942667139375430386e-03 1.081650672244467313e-03 2.860005867294382678e-04 -2.417856457216356158e-04 1.537646242768833142e-05 3.576322278945665706e-02 -2.958402905849090089e-02 -1.231775482748431912e-02 7.989910578288433873e-03 5.627066251663605766e-03 2.726485730511665328e-03 3.030749039109533870e-03 6.219174592128751252e-04 -2.599445386854070078e-04 -8.593447616840459993e-05
-2.323158121457022255e-04 4.027577312383911340e-04 1.108907822227522599e-04 8.555517409286404306e-05 2.911844710995978517e-05 3.447225327228476164e-05 5.595974907977291205e-05 4.683239734209892899e-05 -3.121766471366610451e-05 5.435975020692243331e-06 3.000791845787082780e-03 3.628944025689732292e-03 2.900727643799229719e-03 2.834302719361790537e-03 2.438273098531051723e-03 1.476394728674383650e-03 8.365770916132805705e-04 3.804085980834087471e-04 -1.631822372825958314e-04 -2.384815095784122450e-05 5.469519263828014717e-04 -4.322658837932672848e-04 -1.867741055358440453e-04 2.194708188936743171e-04 7.314354565668790159e-06 1.480196717994709926e-05 1.225761044626617468e-04 7.113785233876897469e-05 -1.741742812820594829e-05 -7.203479197463175793e-06 -1.502801269933907048e-03 -5.339007060445569337e-04 -1.665026105678969000e-04 1.170092919182825060e-05 -9.488341836424355033e-06 -3.000390192868616974e-05 7.779591011399149074e-05 1.039542371570195689e-04 3.693223800295347683e-06 -2.299554986470279757e-05 -1.927011002910869420e-03 8.959604716056554681e-04 2.453133669302179354e-03 3.885206218903721094e-03 3.379100487702227894e-03 1.853143660463399053e-03 1.068257315288972205e-03 2.967087943464961517e-04 -2.519986904116862858e-04 2.309881349709887836e-05 2.599460004829877088e-02 -2.683052384991077219e-02 -1.129033474934054877e-02 7.330202374187214272e-03 5.249226866885233801e-03 2.558607449331941949e-03 2.873010625101862694e-03 5.649666326675714060e-04 -2.994573065597835155e-04 -5.083498072966139656e-05
-1.926656210324579211e-04 2.605754789816881658e-04 1.509813953355929296e-05 -1.243189224501959956e-05 -4.212389847796993772e-05 -9.391961027136852791e-06 1.516125208707810782e-05 2.334588551661713628e-05 -1.524087709107683866e-05 2.163490596536735447e-06 2.599713707134804295e-03 3.136536199467599654e-03 2.540412814923567134e-03 2.438273098531051723e-03 2.141947821531449588e-03 1.296656735669515521e-03 7.225006796615550614e-04 3.241288342079130585e-04 -1.390654145454972785e-04 -2.115573305500118828e-05 5.311197042917005159e-04 -3.082262747312109114e-04 -1.416933507778788846e-04 1.289327611790892737e-04 -1.794627003577296866e-05 -1.992915726490005266e-06 8.094625766045360866e-05 6.316901272933610374e-05 -1.402186642863873160e-05 -6.924758518197386464e-06 -4.825867538080477921e-04 -5.294428762530382047e-04 -1.713154883149673282e-04 -4.865751893108465222e-05 -5.004426935594608701e-05 -5.679951325209061806e-05 5.081235856043760807e-05 8.126525038478326214e-05 8.986392493231065327e-06 -2.275196336341897151e-05 -7.709135762170457812e-04 9.851768895670785699e-04 2.082771672774832127e-03 3.362442151557480316e-03 2.994475268315568463e-03 1.631607868290553586e-03 9.258905269163598961e-04 2.364361383827960508e-04 -2.182121145298624180e-04 2.275418314223892917e-05 2.499854206283956548e-02 -2.281514728290651856e-02 -9.674678916398539441e-03 6.500093696825178478e-03 4.564816411509779563e-03 2.417802226652431778e-03 2.548013762009527974e-03 4.895857747633610606e-04 -2.459016523577712394e-04 -5.235101443170783010e-05
-1.170294425984542589e-04 1.690404560170975855e-04 9.596010842449636695e-06 -1.790264211596998985e-05 -3.660125624124160144e-05 -9.603217492834049780e-06 8.282635189775832809e-06 1.833635433459947152e-05 -7.582522821017860028e-06 -1.733325104203423431e-06 1.607438462653670679e-03 1.824252155144535188e-03 1.512222156363465927e-03 1.476394728674383650e-03 1.296656735669515521e-03 8.086237657298732395e-04 4.672538374398918395e-04 2.159441125444234110e-04 -8.275983110904024348e-05 -1.863618108565089513e-05 4.952533674512754310e-04 3.392390887705788661e-08 4.680468315879869726e-05 1.637801781749395180e-04 4.608959565513011782e-05 3.410762082215632810e-05 7.117513911030126292e-05 5.654270371229631566e-05 -1.649696589075671586e-05 -4.909308761650392201e-06 -1.137141461988530752e-04 -1.179722149739059739e-04 -1.419359391610659348e-05 3.011087165951508983e-05 1.441009881354938995e-05 1.190492052024009407e-05 5.912259400830384919e-05 5.649354850714405184e-05 -1.568413380653392883e-06 -1.521511734201649918e-05 -2.948712455895609384e-04 8.993918808472924943e-04 1.284255896042515348e-03 1.955336308722570738e-03 1.763449337839028070e-03 9.623078581629061073e-04 5.426579569479786412e-04 1.410250398219310979e-04 -1.350453085283791470e-04 1.484654590497281876e-05 1.399367416100246765e-02 -1.324946748182785627e-02 -5.669954568954313837e-03 3.754786289850028935e-03 2.687820079581362820e-03 1.448690034857169759e-03 1.487649968060512137e-03 3.126947221308745998e-04 -1.398153450986487428e-04 -3.862713138032415589e-05
-8.865457047237320645e-05 1.561954133296798676e-04 1.383767987695831861e-05 -8.759684820041467934e-06 -1.241422294938973236e-05 -5.088821316792517184e-06 9.911030355235869618e-06 8.929535191522952297e-06 -1.163700809286854743e-05 3.445325001916314551e-06 9.161365126721472598e-04 9.557726289140954130e-04 8.496425016765434685e-04 8.365770916132805705e-04 7.225006796615550614e-04 4.672538374398918395e-04 3.168504464580062293e-04 1.726495214159069584e-04 -4.838198233071366964e-05 -1.987490706208641818e-05 1.775910125212912694e-04 -1.266318044677018054e-04 -9.138697366059362010e-05 8.920040203662912948e-06 -5.242730798068468134e-05 -3.246462959766892108e-05 2.218429520202087142e-05 2.243469983719121160e-05 -8.482757468711927591e-06 2.141178037643421618e-08 -2.240736053489191112e-04 -1.637941126806832630e-04 -1.861425891604795793e-04 -1.074344047192343646e-04 -8.728241941410141275e-05 -5.213382536926133729e-05 6.837880781524645276e-06 2.392852130925875311e-05 7.966510217211033161e-06 -1.186390767488967144e-05 -5.946994567336022931e-04 5.257375380258406472e-04 7.276479816398591285e-04 1.024038500939590058e-03 9.308401252532205001e-04 5.314103771510981762e-04 2.922910915884398731e-04 8.484616996614905890e-05 -6.905411342337218223e-05 2.342311851468216843e-06 3.373669192398337426e-03 -6.835736415115688594e-03 -3.185854053795405746e-03 1.921626346143387454e-03 1.626824723390628020e-03 6.802192436284801563e-04 8.191859680146182767e-04 1.854922231605428797e-04 -5.529640726458782453e-05 -3.574129369726571488e-05
-2.154388002141699850e-05 1.233328608298333098e-04 1.748873666705811331e-05 9.960248988823158672e-06 1.722465242472218095e-05 1.094911213759665107e-05 1.299968193703505302e-05 8.450033188109997491e-06 -7.463582062956806236e-06 1.306758750108804137e-06 4.639686288376101714e-04 4.349284480902008564e-04 4.154602150777807093e-04 3.804085980834087471e-04 3.241288342079130585e-04 2.159441125444234110e-04 1.726495214159069584e-04 1.202813074990557145e-04 -1.951681167023280980e-05 -1.853624485580466886e-05 -7.652740309908531453e-05 -2.096508471023037488e-04 -1.928388874795463671e-04 -1.249825154440796884e-04 -1.200846205126721396e-04 -7.722046478061600819e-05 -1.870710556929004715e-05 1.047827868089227199e-05 6.525757552127306112e-06 -3.649568813343656955e-06 -2.668707636719042488e-04 -1.970108088641707238e-04 -2.533394662460270786e-04 -2.102619467152747762e-04 -1.417250006255900364e-04 -9.744666204017084178e-05 -3.720351668831302106e-05 1.057277468552984472e-05 1.878998884592777781e-05 -1.266462533326439894e-05 4.437077302600019632e-05 4.636535451456340524e-04 3.333183656359969935e-04 3.858354147000044878e-04 3.509852352517156787e-04 2.121378297091528560e-04 1.052554022478797746e-04 4.091220358620916748e-05 -2.096789992129955284e-05 -5.804916458915688659e-06 5.451412369850837554e-04 -3.755008667284085843e-03 -1.833948866966816872e-03 6.891200365227281898e-04 8.399043274930617902e-04 1.870557131639215981e-04 3.658869791326805330e-04 1.203217229164749619e-04 2.182628053794597884e-06 -3.718210879597598267e-05
1.891315151299865344e-05 -2.110455303804366416e-05 -3.040282498918484166e-06 -1.725800808531256975e-06 1.976889860436098020e-06 2.086043550752556822e-06 -5.253792676714177209e-06 -5.332173621171231397e-06 7.693492208825473220e-06 -2.801097029932002930e-06 -1.298360835999908978e-04 -2.115626739432934975e-04 -1.666762609162418063e-04 -1.631822372825958314e-04 -1.390654145454972785e-04 -8.275983110904024348e-05 -4.838198233071366964e-05 -1.951681167023280980e-05 2.297883530870690054e-05 -6.853881364616687722e-06 8.400986477252580652e-05 1.395399256935514823e-04 4.292308064945423953e-05 -2.688677485630334121e-06 1.867259383045712125e-05 7.078830503561090821e-06 -1.201180246328079403e-05 -6.342324792727217989e-06 9.874468542577233144e-06 -3.589989185220867212e-06 2.508895798240282711e-04 1.673599161304110971e-04 1.640186303869976483e-05 -1.634367963640564655e-07 2.348205771692720499e-05 1.654412786635394182e-05 -7.160646418538325996e-06 -1.176170046712944239e-05 1.186047765448102305e-05 -4.097357981799030616e-06 5.974571927044641708e-04 -1.140424768053436243e-04 -1.420848587834548345e-04 -2.417474358637218795e-04 -2.096754170483309154e-04 -1.257011082394236714e-04 -6.654372270170917625e-05 -1.662598105675170323e-05 2.790656079125308195e-05 -7.670719879135271901e-06 -3.093287914192094975e-03 1.232010904010587705e-03 5.314807572704583361e-04 -4.723264447702427344e-04 -3.817351572688758906e-04 -1.866721488522007791e-04 -1.614181811675902394e-04 -1.325113395276971280e-05 3.859102509222648420e-05 -1.106070487480254629e-05
-1.085025381912824289e-05 -2.293580064640086244e-05 -7.380248686222074972e-06 -5.452600207351531072e-06 -8.049025831775880204e-06 -6.330200727636509435e-06 -1.780196215948291978e-06 -6.415641650128762009e-08 -2.395518296253963413e-06 1.917845884116813132e-06 -7.594482534785603498e-05 -1.843102803273836566e-05 -2.849117864238171909e-05 -2.384815095784122450e-05 -2.115573305500118828e-05 -1.863618108565089513e-05 -1.987490706208641818e-05 -1.853624485580466886e-05 -6.853881364616687722e-06 8.453947452681455200e-06 -5.681579653292606071e-05 -5.064081625840874764e-05 6.679843962077860960e-06 1.393856069228656985e-05 5.462933523171414465e-06 5.373286242033501571e-06 6.423379261120520330e-06 -2.932401574116259155e-07 -5.907536930132153768e-06 3.183812450670540894e-06 -9.320377688873541296e-05 -7.210475465089003595e-05 3.563213481441628369e-05 3.026971633605595079e-05 8.545290837076342929e-06 3.805003668344239864e-06 6.823730874075260961e-06 1.559375128775000882e-06 -1.011125680209010469e-05 5.959410348167689564e-06 -3.339094148259062278e-04 -2.281322267612363383e-05 -1.679317209360681090e-05 3.756411284243184434e-06 5.151181410573352393e-07 -2.657145705418169185e-06 -9.223105776651100499e-07 -4.408105387633079564e-06 -8.461672055471505737e-06 6.324310699602878782e-06 1.522727817176213177e-03 5.135314192153902797e-04 1.082521301117455621e-04 -3.876894108590844770e-06 -2.974733168236503322e-05 1.808884667316649675e-05 -1.934372735404244471e-05 -2.730317067533446725e-05 -1.980874410869291709e-05 1.630171800622012821e-05
4.426078680373807706e-04 1.766020880275705174e-04 3.122478038290912281e-05 3.465873439481398062e-04 -8.074678882066630033e-05 4.352834696392821073e-05 1.175713874877870992e-04 1.861598975867101761e-04 1.273399952492371037e-04 -1.215805580565068464e-04 3.254785467534629557e-04 -1.804902348918343375e-03 -4.630941614703154119e-05 5.469519263828014717e-04 5.311197042917005159e-04 4.952533674512754310e-04 1.775910125212912694e-04 -7.652740309908531453e-05 8.400986477252580652e-05 -5.681579653292606071e-05 1.602533318388567329e-02 6.699003564468576297e-03 4.163500061541513739e-03 3.066484570777808661e-03 2.536571971644692707e-03 1.461651159496770618e-03 9.586535251322490575e-04 6.057675013080846731e-04 -4.648196996607682286e-05 -1.620700423791522691e-04 1.073450904047823680e-02 9.322234714365391917e-03 4.071249490847597685e-03 3.395171438810090474e-03 3.111513293325215024e-03 1.946338625097246899e-03 1.152915988965979872e-03 7.795295177729468557e-04 -1.424034202452442418e-04 -1.506371803218404008e-04 2.267409646676685035e-03 -6.289310556197640241e-03 2.252268202488426612e-03 7.324993556008411533e-04 1.301597144187192174e-03 5.339834689403113056e-04 8.810129572374121934e-04 5.989023201174751773e-04 -2.331335567659166064e-04 -2.466922794342956714e-05 1.265631538599399329e-02 -1.671933907788208246e-02 -8.222366032995526500e-03 7.445198372225599612e-04 -1.177181409826712514e-03 9.287086133051541525e-04 2.468012471448966677e-04 -6.473426031341567369e-04 -2.722533509217589810e-05 6.249915611764734612e-05
-5.080683141236006948e-04 -8.986595182919728870e-06 -3.233839060943544309e-05 -5.348083453172815574e-05 -2.563347332505295649e-04 -1.678305858470986137e-04 -2.284634054660943049e-04 -7.538558739955130588e-05 4.746467752363731654e-05 -2.046810159853928537e-05 -4.613760397613432475e-04 -1.433792642402986414e-03 -1.005867062934555703e-03 -4.322658837932672848e-04 -3.082262747312109114e-04 3.392390887705788661e-08 -1.266318044677018054e-04 -2.096508471023037488e-04 1.395399256935514823e-04 -5.064081625840874764e-05 6.699003564468576297e-03 1.068200482670054671e-02 6.661971354811694820e-03 4.977238319104370680e-03 4.443979410741772003e-03 2.487933223229441340e-03 1.073410883164962722e-03 4.710191926466543639e-04 -3.241660094761423367e-04 1.627321279018572502e-05 1.456793812815201060e-02 1.114118893797514873e-02 6.688558260749932760e-03 5.208351367506552920e-03 4.928456470576747170e-03 3.110324060580315318e-03 1.479089633795104995e-03 4.678255760308188023e-04 -4.128575117646592768e-04 4.131956342472789545e-05 1.478845118323325082e-02 -2.460961853156141445e-03 1.237473678674787594e-03 -1.537290127565203593e-03 -1.023430192026712976e-03 -7.837286657853393236e-04 -3.774409555733682542e-04 -1.530253623153616789e-04 -1.955081253314605613e-05 6.491937271286367102e-05 1.588147449054564406e-03 -3.034955226245200297e-02 -1.657740658971064451e-04 -1.286805571191520755e-03 -1.145990364018021615e-03 3.836333763782462012e-04 -6.313579628916152165e-04 1.114062784505154226e-04 -2.682517445638574042e-04 1.816873094822614703e-04
-2.386428280735041450e-04 3.654190707380979616e-05 1.866252090632574789e-04 6.694621876656438569e-05 -1.463398685537032121e-04 -1.198984036789931288e-04 -6.172729487080110304e-05 6.713330749487992331e-05 3.613558949335397082e-05 -4.024548155082789138e-05 -3.657624587271452577e-05 -8.248094949828422813e-04 -6.740881859893220213e-04 -1.867741055358440453e-04 -1.416933507778788846e-04 4.680468315879869726e-05 -9.138697366059362010e-05 -1.928388874795463671e-04 4.292308064945423953e-05 6.679843962077860960e-06 4.163500061541513739e-03 6.661971354811694820e-03 5.320260498666217093e-03 4.257368663591334750e-03 3.675008745810680148e-03 2.190202997739376829e-03 1.213630772084262240e-03 5.966359429161514991e-04 -2.874763447577255112e-04 -1.559728428606255900e-05 7.086863666579660929e-03 7.462659474356944309e-03 5.902638309118224055e-03 4.711420839752394375e-03 4.203201955577189584e-03 2.676584900279146886e-03 1.541316459736732447e-03 6.043739054713168036e-04 -3.642804657096686120e-04 -3.311995753204451053e-07 7.730047306690637603e-03 -1.417194279942049235e-03 8.385162544418777028e-04 -8.485528356844071213e-04 -3.367320489290367806e-04 -4.953522695149720906e-04 -1.679841457265627170e-04 -8.009885283304992592e-05 -9.554520363822929297e-05 8.464289601900888780e-05 -1.434499721613897430e-03 -8.179856100613190628e-03 5.395324814512010743e-03 3.814454074177774302e-05 -1.277044798361898204e-04 8.121437577531744230e-04 -5.122489813151769539e-06 1.744130705514405834e-04 -2.816317813713019856e-04 1.253735450609909645e-04
-2.904795957250816320e-04 2.089821705042566816e-04 2.882964275014489059e-04 2.132491444779385553e-04 -2.835229751093709211e-05 -4.519648217003012508e-05 3.753648809047139531e-05 8.072661952537742277e-05 1.026800058744703297e-05 -3.362634417377906900e-05 4.602189505156814402e-04 -3.179020209943085796e-05 -2.326395681662292404e-04 2.194708188936743171e-04 1.289327611790892737e-04 1.637801781749395180e-04 8.920040203662912948e-06 -1.249825154440796884e-04 -2.688677485630334121e-06 1.393856069228656985e-05 3.066484570777808661e-03 4.977238319104370680e-03 4.257368663591334750e-03 3.855726908887610431e-03 3.264897710826492397e-03 1.986639568110568251e-03 1.228812490292674649e-03 5.616353953006367325e-04 -2.587331091903283058e-04 -2.285803146398989166e-05 3.650982483950836535e-03 5.797323989999714211e-03 5.051520668403145647e-03 4.295126710830721346e-03 3.804475921199926974e-03 2.418236943599451003e-03 1.495052256176577750e-03 6.087462490730819993e-04 -3.263661128036750097e-04 -1.155287677710858528e-05 3.104748104794227605e-03 -2.028335777789366801e-03 1.033199819080994055e-03 -2.492357012164641747e-05 2.932275066828271678e-04 -7.160281709209409572e-05 1.255477435102695424e-04 4.760136979048362147e-05 -1.006727309632433041e-04 4.736879361746279381e-05 -4.505437859569568458e-03 -1.167682862339769305e-02 3.049067566214011798e-03 1.416199737449802976e-03 8.190064196929913503e-04 9.185173753272600364e-04 3.014170003910035317e-04 1.830269040707711869e-04 -3.000407680046555383e-04 1.124096070068056059e-04
-3.004948817076509956e-05 2.639786857337688667e-04 3.258273662528603383e-04 2.651383561166053291e-04 7.584300951814457203e-05 1.889066393840915469e-05 2.353791042883225361e-05 5.637207520278331304e-05 7.590233796504791791e-06 -2.829850663051948774e-05 2.695892902290552900e-04 -2.272065598086097933e-04 -3.211836384540750402e-04 7.314354565668790159e-06 -1.794627003577296866e-05 4.608959565513011782e-05 -5.242730798068468134e-05 -1.200846205126721396e-04 1.867259383045712125e-05 5.462933523171414465e-06 2.536571971644692707e-03 4.443979410741772003e-03 3.675008745810680148e-03 3.264897710826492397e-03 2.929287478916831142e-03 1.779283283121061961e-03 1.026443282911630468e-03 4.734732015841900668e-04 -2.232853918049319103e-04 -1.663188019799560931e-05 3.601495823035880898e-03 5.148607278285809684e-03 4.441572806792376364e-03 3.718556550904486557e-03 3.411020183823137552e-03 2.139809532711191460e-03 1.255799236704023721e-03 5.013877579136050882e-04 -2.783365574059737130e-04 -7.674199660371518154e-06 5.117008828060556035e-03 -1.705206655408970278e-03 3.936927513396888808e-04 -3.280499538026673432e-04 9.495332806176137448e-05 -1.858783110892958147e-04 3.230560474879656184e-05 1.761048730497698209e-05 -5.795371700350479224e-05 3.415062495621982107e-05 -5.681986936627646083e-03 -7.190287330886190910e-03 3.720556637450876235e-03 1.275871662113790697e-03 7.256026883181047665e-04 6.603827212423692616e-04 2.355646335921495404e-04 1.952461326492974374e-04 -2.255111741995844614e-04 8.038910522295898665e-05
3.433998652518620580e-05 1.428603010174107294e-04 2.144575413238489561e-04 1.682730882264602695e-04 5.403381423985174729e-05 1.825252987982626266e-05 2.291401400422520647e-05 4.008458813334628225e-05 8.026569727616127031e-06 -2.235000518181824266e-05 2.444035148590481608e-04 -1.312624563333874639e-04 -1.875261653274844838e-04 1.480196717994709926e-05 -1.992915726490005266e-06 3.410762082215632810e-05 -3.246462959766892108e-05 -7.722046478061600819e-05 7.078830503561090821e-06 5.373286242033501571e-06 1.461651159496770618e-03 2.487933223229441340e-03 2.190202997739376829e-03 1.986639568110568251e-03 1.779283283121061961e-03 1.109286184985101148e-03 6.514709182573605794e-04 3.069721055094589454e-04 -1.345450858821263551e-04 -1.599203199424073795e-05 1.447647621600397930e-03 3.008586988942670969e-03 2.732999677195099755e-03 2.295939159950704470e-03 2.076114797434738465e-03 1.320811560329277412e-03 7.871088508550694654e-04 3.193782101448740945e-04 -1.691877057027148300e-04 -9.585315928553985506e-06 2.629899724648265651e-03 -7.943636058512997629e-04 1.031618994718680921e-04 -1.577363636121408670e-04 1.318344045700093822e-04 -7.688980312898623668e-05 4.391362403076289305e-05 2.086925226736913356e-05 -4.072814516111167407e-05 1.978164651951062230e-05 -5.347265098185343020e-03 -2.948891123857695293e-03 3.113432227272519559e-03 1.196972760589234096e-03 4.210051558863380297e-04 4.915695704002778690e-04 1.737760126116043313e-04 1.385992911595244068e-04 -1.279352792441202865e-04 3.580292354401882164e-05
