5.141672089189857492e-02 1.014610727444988265e-02 3.858714962974016133e-03 2.825487137005627987e-03 3.445169561988768118e-03 1.753921751614186770e-03 1.142528848803840442e-03 3.671115477831099309e-04 -3.294998040468749491e-04 2.090583113211940335e-05
1.014610727444988265e-02 1.470189923325194124e-02 8.247281375516673715e-03 6.572277651129833712e-03 6.165166499997302811e-03 3.794197112919866187e-03 1.925533094738589041e-03 8.599934073878538971e-04 -4.297333121141421082e-04 -4.340501736495423025e-05
3.858714962974016133e-03 8.247281375516673715e-03 7.634152506490105884e-03 5.995655295789275793e-03 5.246724944806009823e-03 3.294220621017797997e-03 1.936661509547181904e-03 8.636660383627830237e-04 -4.415885258332878020e-04 -2.115796905845551050e-05
2.825487137005627987e-03 6.572277651129833712e-03 5.995655295789275793e-03 5.167182562483689165e-03 4.408177346202231048e-03 2.762519189710132324e-03 1.691942763190211647e-03 7.230272874761326353e-04 -3.481330200439895621e-04 -3.136438126564831822e-05
3.445169561988768118e-03 6.165166499997302811e-03 5.246724944806009823e-03 4.408177346202231048e-03 4.185679931892325768e-03 2.587870628948434927e-03 1.524146092864726637e-03 6.725882819080925782e-04 -3.312384358846625948e-04 -2.061116126636126041e-05
1.753921751614186770e-03 3.794197112919866187e-03 3.294220621017797997e-03 2.762519189710132324e-03 2.587870628948434927e-03 1.698879929776469719e-03 9.532505795954505142e-04 3.912781789815487151e-04 -2.057369328654170854e-04 -1.494985411563658369e-05
1.142528848803840442e-03 1.925533094738589041e-03 1.936661509547181904e-03 1.691942763190211647e-03 1.524146092864726637e-03 9.532505795954505142e-04 6.919176604821375247e-04 3.224449791534816749e-04 -1.219277186126930195e-04 -2.690162217274251377e-05
3.671115477831099309e-04 8.599934073878538971e-04 8.636660383627830237e-04 7.230272874761326353e-04 6.725882819080925782e-04 3.912781789815487151e-04 3.224449791534816749e-04 2.229882225165929067e-04 -4.893231886266812680e-05 -2.979094543018388273e-05
-3.294998040468749491e-04 -4.297333121141421082e-04 -4.415885258332878020e-04 -3.481330200439895621e-04 -3.312384358846625948e-04 -2.057369328654170854e-04 -1.219277186126930195e-04 -4.893231886266812680e-05 5.451519659091183940e-05 -1.518231662794928566e-05
2.090583113211940335e-05 -4.340501736495423025e-05 -2.115796905845551050e-05 -3.136438126564831822e-05 -2.061116126636126041e-05 -1.494985411563658369e-05 -2.690162217274251377e-05 -2.979094543018388273e-05 -1.518231662794928566e-05 1.668121287991612656e-05
