6.075762624559471803e+00 -1.104008350240977210e+00 -7.722725802539473494e-02 3.932737745888106179e-02 4.064965914446658224e-02 4.858197447901058813e-02 3.344605888776568114e-02 2.306893347721664447e-02 -1.552832607489990600e-02 3.491862927829711589e-03
-1.104008350240977210e+00 1.813495561906693920e+00 1.006454348552068834e-01 -8.258250745784083413e-02 -4.263680069079684581e-02 -3.035389028203486911e-02 -2.093834698703398584e-02 -5.786580720924562604e-03 4.550411603495751502e-03 -1.189956498138373042e-03
-7.722725802539473494e-02 1.006454348552068834e-01 3.584232400803207819e-01 4.436935205501649042e-03 -7.464768930901594622e-03 -7.123535225584768163e-03 -4.946515610755206245e-03 1.057236218432473958e-03 2.291654800624125764e-03 -1.337404160778646843e-03
3.932737745888106179e-02 -8.258250745784083413e-02 4.436935205501649042e-03 4.062743203992170288e-02 1.508216119365127575e-02 8.193205945508572757e-03 8.242133654076937155e-03 1.464389666879046528e-03 -4.912821543339613043e-04 -3.017984735868120051e-04
4.064965914446658224e-02 -4.263680069079684581e-02 -7.464768930901594622e-03 1.508216119365127575e-02 1.542094931840528628e-02 5.414566405471341395e-03 6.432099350250159754e-03 1.663454154165998084e-03 -5.286326587002674162e-04 -2.884533806480238274e-04
4.858197447901058813e-02 -3.035389028203486911e-02 -7.123535225584768163e-03 8.193205945508572757e-03 5.414566405471341395e-03 5.111750939712860452e-03 3.238766760416767875e-03 5.448059476011113877e-04 -3.827726182134302368e-04 -4.001599872243017124e-05
3.344605888776568114e-02 -2.093834698703398584e-02 -4.946515610755206245e-03 8.242133654076937155e-03 6.432099350250159754e-03 3.238766760416767875e-03 3.813635137066059139e-03 7.334213517548818922e-04 -3.176479988216115232e-04 -1.063839764208815143e-04
2.306893347721664447e-02 -5.786580720924562604e-03 1.057236218432473958e-03 1.464389666879046528e-03 1.663454154165998084e-03 5.448059476011113877e-04 7.334213517548818922e-04 5.908508618605472001e-04 -4.624267712561026372e-05 -1.103740545418027935e-04
-1.552832607489990600e-02 4.550411603495751502e-03 2.291654800624125764e-03 -4.912821543339613043e-04 -5.286326587002674162e-04 -3.827726182134302368e-04 -3.176479988216115232e-04 -4.624267712561026372e-05 1.650864869323593947e-04 -7.413577789724632718e-05
3.491862927829711589e-03 -1.189956498138373042e-03 -1.337404160778646843e-03 -3.017984735868120051e-04 -2.884533806480238274e-04 -4.001599872243017124e-05 -1.063839764208815143e-04 -1.103740545418027935e-04 -7.413577789724632718e-05 6.983532869293839797e-05
