1.474516252426596730e-01 4.541326901075864141e-03 -6.492862905606045301e-03 -8.529678664122068710e-03 -4.039326184127847719e-03 -2.656251925367004042e-03 -2.106779886833106113e-03 -1.635170975307785515e-04 5.030261818395407713e-04 -7.746521182169471050e-05
4.541326901075864141e-03 3.360622608847959464e-02 -5.844825719216348260e-04 -3.292103379493128762e-04 3.966566687789870017e-04 -4.678356507430589894e-04 -1.078166627241285147e-03 -7.461373406274122511e-04 -1.729978568712889678e-04 2.114485891874330397e-04
-6.492862905606045301e-03 -5.844825719216348260e-04 5.386950718882434208e-03 3.456080046431415833e-03 2.967990650311377009e-03 1.708612269687440326e-03 1.094744960958185563e-03 4.237557742067847794e-04 -2.672782236888257882e-04 6.683490987887383123e-06
-8.529678664122068710e-03 -3.292103379493128762e-04 3.456080046431415833e-03 6.741284185670344715e-03 5.409625835661007777e-03 2.843291619850710217e-03 1.735030090902714428e-03 4.793302232866895733e-04 -3.474950752744266312e-04 7.503339337460955843e-06
-4.039326184127847719e-03 3.966566687789870017e-04 2.967990650311377009e-03 5.409625835661007777e-03 5.097825927962743378e-03 2.693531441660815869e-03 1.687303573422194950e-03 5.391132281964111216e-04 -3.448095312326585147e-04 4.409208280443738149e-06
-2.656251925367004042e-03 -4.678356507430589894e-04 1.708612269687440326e-03 2.843291619850710217e-03 2.693531441660815869e-03 1.615551588399939459e-03 9.716394828785100170e-04 3.367983040135551849e-04 -1.835298922137493986e-04 -1.701174065434055932e-05
-2.106779886833106113e-03 -1.078166627241285147e-03 1.094744960958185563e-03 1.735030090902714428e-03 1.687303573422194950e-03 9.716394828785100170e-04 6.619730638872690096e-04 2.704702070774776465e-04 -1.142481676521153158e-04 -2.021537363981118081e-05
-1.635170975307785515e-04 -7.461373406274122511e-04 4.237557742067847794e-04 4.793302232866895733e-04 5.391132281964111216e-04 3.367983040135551849e-04 2.704702070774776465e-04 1.772539583798111312e-04 -4.029884548401598915e-05 -2.294080663975087508e-05
5.030261818395407713e-04 -1.729978568712889678e-04 -2.672782236888257882e-04 -3.474950752744266312e-04 -3.448095312326585147e-04 -1.835298922137493986e-04 -1.142481676521153158e-04 -4.029884548401598915e-05 5.599644666176808896e-05 -1.835531206108815481e-05
-7.746521182169471050e-05 2.114485891874330397e-04 6.683490987887383123e-06 7.503339337460955843e-06 4.409208280443738149e-06 -1.701174065434055932e-05 -2.021537363981118081e-05 -2.294080663975087508e-05 -1.835531206108815481e-05 1.705217475420727879e-05
