5.135007243242247117e-03 4.097806741734382092e-03 3.281811653967429618e-03 3.000791845787082780e-03 2.599713707134804295e-03 1.607438462653670679e-03 9.161365126721472598e-04 4.639686288376101714e-04 -1.298360835999908978e-04 -7.594482534785603498e-05
4.097806741734382092e-03 5.756193903109333571e-03 3.870607302763673808e-03 3.628944025689732292e-03 3.136536199467599654e-03 1.824252155144535188e-03 9.557726289140954130e-04 4.349284480902008564e-04 -2.115626739432934975e-04 -1.843102803273836566e-05
3.281811653967429618e-03 3.870607302763673808e-03 3.147755350580122135e-03 2.900727643799229719e-03 2.540412814923567134e-03 1.512222156363465927e-03 8.496425016765434685e-04 4.154602150777807093e-04 -1.666762609162418063e-04 -2.849117864238171909e-05
3.000791845787082780e-03 3.628944025689732292e-03 2.900727643799229719e-03 2.834302719361790537e-03 2.438273098531051723e-03 1.476394728674383650e-03 8.365770916132805705e-04 3.804085980834087471e-04 -1.631822372825958314e-04 -2.384815095784122450e-05
2.599713707134804295e-03 3.136536199467599654e-03 2.540412814923567134e-03 2.438273098531051723e-03 2.141947821531449588e-03 1.296656735669515521e-03 7.225006796615550614e-04 3.241288342079130585e-04 -1.390654145454972785e-04 -2.115573305500118828e-05
1.607438462653670679e-03 1.824252155144535188e-03 1.512222156363465927e-03 1.476394728674383650e-03 1.296656735669515521e-03 8.086237657298732395e-04 4.672538374398918395e-04 2.159441125444234110e-04 -8.275983110904024348e-05 -1.863618108565089513e-05
9.161365126721472598e-04 9.557726289140954130e-04 8.496425016765434685e-04 8.365770916132805705e-04 7.225006796615550614e-04 4.672538374398918395e-04 3.168504464580062293e-04 1.726495214159069584e-04 -4.838198233071366964e-05 -1.987490706208641818e-05
4.639686288376101714e-04 4.349284480902008564e-04 4.154602150777807093e-04 3.804085980834087471e-04 3.241288342079130585e-04 2.159441125444234110e-04 1.726495214159069584e-04 1.202813074990557145e-04 -1.951681167023280980e-05 -1.853624485580466886e-05
-1.298360835999908978e-04 -2.115626739432934975e-04 -1.666762609162418063e-04 -1.631822372825958314e-04 -1.390654145454972785e-04 -8.275983110904024348e-05 -4.838198233071366964e-05 -1.951681167023280980e-05 2.297883530870690054e-05 -6.853881364616687722e-06
-7.594482534785603498e-05 -1.843102803273836566e-05 -2.849117864238171909e-05 -2.384815095784122450e-05 -2.115573305500118828e-05 -1.863618108565089513e-05 -1.987490706208641818e-05 -1.853624485580466886e-05 -6.853881364616687722e-06 8.453947452681455200e-06
