1.649479232316090763e-03 1.022237547795575453e-03 1.034161219699246230e-03 9.887191686966092987e-04 9.016759301516355128e-04 6.069061045165548545e-04 3.198030130613149021e-04 1.948641730057643062e-04 -4.975285047337384852e-05 -3.941677248377188538e-05
1.022237547795575453e-03 1.373524923379322539e-03 1.120133928732552171e-03 1.081850711756029201e-03 9.377988119675624091e-04 5.976552928338115574e-04 3.709184326509493298e-04 1.998274267090952190e-04 -7.951199298239152119e-05 -1.769499037866151031e-05
1.034161219699246230e-03 1.120133928732552171e-03 1.082163736267978578e-03 1.009178238475698722e-03 8.794316315531827601e-04 5.691062691305160456e-04 3.522249235969489149e-04 1.984979330233649559e-04 -6.191643715295796536e-05 -2.477987955129786057e-05
9.887191686966092987e-04 1.081850711756029201e-03 1.009178238475698722e-03 1.009807052202906863e-03 8.574338283105274825e-04 5.621159014261309719e-04 3.596186730198992765e-04 1.969597546912247384e-04 -6.173077626677386321e-05 -2.441800717155117673e-05
9.016759301516355128e-04 9.377988119675624091e-04 8.794316315531827601e-04 8.574338283105274825e-04 7.630826834025560045e-04 4.982595915160998017e-04 2.969760426083847674e-04 1.576738824613877832e-04 -5.561970910727736996e-05 -1.766225872698481796e-05
6.069061045165548545e-04 5.976552928338115574e-04 5.691062691305160456e-04 5.621159014261309719e-04 4.982595915160998017e-04 3.346814875289918167e-04 2.028163893830671894e-04 1.071741672628045327e-04 -3.361474239081370055e-05 -1.467846677192852684e-05
3.198030130613149021e-04 3.709184326509493298e-04 3.522249235969489149e-04 3.596186730198992765e-04 2.969760426083847674e-04 2.028163893830671894e-04 1.578747456722887673e-04 8.870478417014221494e-05 -1.747244596936427328e-05 -1.523498360072253652e-05
1.948641730057643062e-04 1.998274267090952190e-04 1.984979330233649559e-04 1.969597546912247384e-04 1.576738824613877832e-04 1.071741672628045327e-04 8.870478417014221494e-05 6.670211128289278506e-05 -7.290456146197123908e-06 -1.360321446798808396e-05
-4.975285047337384852e-05 -7.951199298239152119e-05 -6.191643715295796536e-05 -6.173077626677386321e-05 -5.561970910727736996e-05 -3.361474239081370055e-05 -1.747244596936427328e-05 -7.290456146197123908e-06 1.371937878853627352e-05 -5.515541974425805126e-06
-3.941677248377188538e-05 -1.769499037866151031e-05 -2.477987955129786057e-05 -2.441800717155117673e-05 -1.766225872698481796e-05 -1.467846677192852684e-05 -1.523498360072253652e-05 -1.360321446798808396e-05 -5.515541974425805126e-06 7.454316352504064182e-06
