2.583089171039208015e-02 1.944402829376224622e-03 1.709125265047081645e-04 4.694290090465666585e-04 1.048954386180663375e-04 1.506368059239010732e-04 1.053461839802735656e-04 3.672947629692812840e-04 -1.177615228594956081e-04 7.602098055994160728e-06 -9.414733249477277160e-03 5.326248502204029671e-04 -3.971350989999167290e-04 -1.839889463185462846e-04 -4.681106831721011273e-04 -4.670861913321536999e-04 -3.872290865217464751e-04 8.991886012156349319e-05 7.493242890839045978e-05 -2.195208611063834698e-05 -1.183149793360744467e-02 6.013939585388462577e-04 -1.011882725530721845e-03 1.471421868229177456e-03 -2.705003180531352549e-03 -7.508193102266725932e-04 -1.118567821365891966e-03 2.948791256121482398e-05 -1.082162094629886058e-05 3.770284240614259712e-05
1.944402829376224622e-03 3.326620200555122173e-03 4.441845726980715573e-04 -2.178959684364002323e-04 4.811005694515431283e-05 2.276004305958077649e-04 1.799742721555962449e-04 6.163321772647513874e-05 -2.545894523568071821e-05 -1.413298238827362393e-05 2.389364433359923191e-03 1.814799968484727877e-04 5.564732485302925337e-05 5.060631067322580919e-05 3.720753255375516453e-04 3.960713542392568071e-04 3.350715259633848695e-04 8.036827526305354843e-05 -2.550378765760941320e-05 -2.920833198563308833e-05 -1.081433784302283062e-02 -2.039507008940075541e-03 1.130000824910836832e-03 -1.140124029015152025e-05 1.740868506263313351e-04 4.706438570326755132e-06 5.152856107472634020e-04 1.439711051231910301e-04 -4.883409721050438311e-05 -4.004209012479416374e-05
1.709125265047081645e-04 4.441845726980715573e-04 1.076583003136015199e-03 2.970828686187462113e-04 3.115230188120501897e-04 2.275510671048008187e-04 1.706845645661678981e-04 3.741922076511462622e-05 -4.231546751663160653e-05 5.357601501455774456e-06 -1.551693146839304861e-03 -2.884168339884461175e-04 -4.501896951280606718e-04 1.171592929790068668e-04 1.762323566334959173e-04 1.688526709161498819e-04 6.615563555893972487e-05 5.070882950509881523e-05 -7.366595929259855167e-06 -1.010328478950586257e-05 8.755417685266343383e-03 2.155870050071837421e-05 -1.494973520708804769e-03 -5.492411101890295674e-04 4.339792130961699686e-04 1.643180053636366939e-04 1.812066139638724446e-04 2.171873663146097280e-05 -2.466681607575162386e-06 -3.773597104007943732e-05
4.694290090465666585e-04 -2.178959684364002323e-04 2.970828686187462113e-04 3.414552537628039587e-04 2.574349689290215590e-04 1.928513510472654896e-04 1.628108527169130795e-04 3.292573756060330472e-05 -3.610667922369558086e-05 3.953274850767859030e-06 -2.212140809561709525e-04 -2.002029410349981538e-04 1.771267607474864608e-04 1.248319034635831054e-04 3.790879468279551078e-05 4.399805041175239691e-05 8.885677053162239830e-06 4.532396916005027395e-05 1.145097246935728454e-05 -1.484794827960764288e-05 3.610568997081321351e-03 8.704297119704746928e-04 -4.712972383334337965e-04 -1.449510394108247167e-04 -1.344072805882090148e-04 -1.043009620134623138e-04 -9.469950897374342352e-05 3.873605966632579769e-05 6.475487242224719719e-06 -1.463345039572742967e-05
1.048954386180663375e-04 4.811005694515431283e-05 3.115230188120501897e-04 2.574349689290215590e-04 2.857523988957034805e-04 2.218645137125303075e-04 1.836298142355519613e-04 3.109171436058074398e-05 -4.497919569539308825e-05 8.600186490799513722e-06 -7.746892141361069132e-04 -1.337600337789793628e-04 1.357148671105195853e-04 1.312715636233123529e-04 1.292823429617455237e-04 8.694753872478187243e-05 6.108005597682204574e-05 3.346979872102675782e-05 8.258438870148148778e-06 -1.474232767685160215e-05 6.893924966496337882e-03 1.278238877709037078e-03 -1.545776110717677113e-04 3.377385392221515467e-05 -8.105228796107035932e-06 -1.488273852054798014e-05 1.109869129402027046e-05 5.892725413321933100e-05 6.464327804046235873e-06 -2.043962755936112790e-05
1.506368059239010732e-04 2.276004305958077649e-04 2.275510671048008187e-04 1.928513510472654896e-04 2.218645137125303075e-04 2.120708689429062841e-04 1.727498170033289044e-04 2.478438805625230498e-05 -3.745543281055001316e-05 6.604139035613349523e-06 -9.092009239262497256e-04 -2.271153448803707724e-04 1.775684648257370285e-04 1.017975844411515493e-04 8.996431975598329599e-05 1.030093635507529405e-04 8.758250611299496784e-05 5.553948518083981110e-05 5.080758776512384718e-06 -2.043415478136802833e-05 3.733599773576290470e-03 8.251792680616509964e-04 -1.843116785894536897e-04 6.534434584117955003e-05 -2.525916235153471224e-05 -6.075799815283035412e-06 6.529948844172082543e-05 6.614251860829292479e-05 -4.497006755258823133e-06 -1.776178199840472256e-05
1.053461839802735656e-04 1.799742721555962449e-04 1.706845645661678981e-04 1.628108527169130795e-04 1.836298142355519613e-04 1.727498170033289044e-04 1.582128421969294062e-04 2.559281885958340655e-05 -3.276374788576709440e-05 4.528978634842422932e-06 -4.869224523586639119e-04 -1.213357708621502247e-04 7.695629532364665426e-05 8.601434875879423059e-05 8.003166147276412942e-05 8.953229249415283614e-05 7.680844390944029413e-05 3.620254265335004045e-05 5.089230319834357831e-06 -1.583885965543130575e-05 2.650798170252126849e-03 1.203652489538674071e-03 -2.759049465898912620e-04 -5.111878556789806573e-05 -7.680692676164650615e-05 -6.280872839232784347e-05 3.687454191780587247e-06 5.214281603341461833e-05 -3.751482917224217846e-06 -1.094452874023636503e-05
3.672947629692812840e-04 6.163321772647513874e-05 3.741922076511462622e-05 3.292573756060330472e-05 3.109171436058074398e-05 2.478438805625230498e-05 2.559281885958340655e-05 1.877765868814023888e-05 -7.226079471003971643e-06 -1.242235295775656410e-06 2.814477546216898876e-04 8.634411041900916695e-05 -3.057409716734658603e-05 1.160392386592337480e-05 1.922934971974707660e-05 3.205011591327130424e-05 2.578246884966043162e-05 2.047050577790585009e-07 -2.132618210825313659e-06 2.990127147544422673e-07 -8.889892460822849431e-04 1.563605741584778695e-04 6.266732865731810469e-05 -7.502229147301972217e-06 -2.312318298579711683e-05 -1.354790235264405630e-05 -5.663752786593623061e-06 6.063701606449058081e-06 -4.304873545399624350e-06 4.279230681709407728e-07
-1.177615228594956081e-04 -2.545894523568071821e-05 -4.231546751663160653e-05 -3.610667922369558086e-05 -4.497919569539308825e-05 -3.745543281055001316e-05 -3.276374788576709440e-05 -7.226079471003971643e-06 9.812679980078447842e-06 -2.743828698627772554e-06 1.680300003432547509e-04 -1.039649352811279994e-05 -1.564102155653603093e-05 -1.419308413517698610e-05 -1.079865755308147368e-05 -8.451293621039444976e-06 -4.450279042107044188e-06 -5.328803291526369029e-06 -3.963020543271862515e-06 3.480973773791587702e-06 -9.119767997913036037e-04 -2.417659241233316371e-04 1.380129685877882111e-05 -1.660675672851220561e-05 5.180821599107217129e-06 1.251577765842825281e-05 3.922257731722336779e-06 -6.400085317650113805e-06 -1.015838095610275215e-07 1.015352767796531071e-06
7.602098055994160728e-06 -1.413298238827362393e-05 5.357601501455774456e-06 3.953274850767859030e-06 8.600186490799513722e-06 6.604139035613349523e-06 4.528978634842422932e-06 -1.242235295775656410e-06 -2.743828698627772554e-06 2.101707845671510895e-06 -1.497174770487310876e-04 -2.052565848613998344e-06 6.653192929944491041e-06 -2.135037668155133816e-06 -6.804132622906289430e-06 -9.063610244628266598e-06 -9.004039481380601617e-06 1.834036957945824150e-06 2.704278831406298055e-06 -1.153363639915536913e-06 5.816674535681662199e-04 4.264997267354821603e-05 -1.482387138696310169e-05 2.040087892957327179e-05 4.616681008227534988e-06 -2.014241061024678199e-06 -4.293984515436319946e-06 -1.616618785775911157e-06 1.079766066764224210e-06 7.861616273934958451e-07
-9.414733249477277160e-03 2.389364433359923191e-03 -1.551693146839304861e-03 -2.212140809561709525e-04 -7.746892141361069132e-04 -9.092009239262497256e-04 -4.869224523586639119e-04 2.814477546216898876e-04 1.680300003432547509e-04 -1.497174770487310876e-04 1.077632134846083223e-01 2.042487306182966950e-02 4.976553644312368095e-03 1.395142915389817589e-03 3.593255953628491772e-03 3.566122732283191245e-03 3.215819127234359736e-03 6.880146048570990073e-04 -8.218261124826835426e-04 2.755326599542089476e-04 -1.165692212548318785e-01 -7.748247691718855579e-03 9.435352015842099482e-03 -4.855340209191584717e-03 5.050007996437895757e-04 -5.702702170520476677e-04 6.370866800282713564e-04 -3.308467405606020824e-04 5.362118667497472714e-05 8.985968276191417983e-05
5.326248502204029671e-04 1.814799968484727877e-04 -2.884168339884461175e-04 -2.002029410349981538e-04 -1.337600337789793628e-04 -2.271153448803707724e-04 -1.213357708621502247e-04 8.634411041900916695e-05 -1.039649352811279994e-05 -2.052565848613998344e-06 2.042487306182966950e-02 1.044577410189419762e-02 1.072348643906205360e-03 1.438415465790947767e-04 1.446303247931186560e-03 1.435615828075066745e-03 9.633619430032715333e-04 5.152485118725436942e-06 -2.115984285533730890e-04 8.985985716290724370e-05 3.509292243704202879e-03 3.893366812957241557e-03 6.638772351907662114e-03 -1.172312053407309181e-03 8.417849401685889663e-04 3.416278281271626022e-04 6.229048601093447202e-04 2.621492513531142665e-05 1.123408728014346265e-04 -5.198387663350671192e-05
-3.971350989999167290e-04 5.564732485302925337e-05 -4.501896951280606718e-04 1.771267607474864608e-04 1.357148671105195853e-04 1.775684648257370285e-04 7.695629532364665426e-05 -3.057409716734658603e-05 -1.564102155653603093e-05 6.653192929944491041e-06 4.976553644312368095e-03 1.072348643906205360e-03 4.033332191548241394e-03 9.466901483039852263e-04 8.837218623177671775e-04 5.946604559135854236e-04 4.719381102704358830e-04 1.867657105235650920e-04 -5.181718900789013130e-05 -4.115649284820230286e-05 1.133135484525974596e-02 5.765828336023769325e-03 1.007491382203571642e-03 6.897847444130908836e-04 -3.799535039191190782e-05 2.207393421563230652e-04 3.179149144067515225e-04 3.721632597502597746e-04 -1.245691603401908920e-05 -8.139085206223990200e-05
-1.839889463185462846e-04 5.060631067322580919e-05 1.171592929790068668e-04 1.248319034635831054e-04 1.312715636233123529e-04 1.017975844411515493e-04 8.601434875879423059e-05 1.160392386592337480e-05 -1.419308413517698610e-05 -2.135037668155133816e-06 1.395142915389817589e-03 1.438415465790947767e-04 9.466901483039852263e-04 8.894137928684637314e-04 5.427456808138402759e-04 3.736292678993572629e-04 3.436556253129058412e-04 8.005251908776227459e-05 -3.304260573870883240e-05 -2.084396579566138825e-05 2.713858521686201382e-04 1.293222663223014823e-03 -1.740506264976108500e-03 -9.174439525494693061e-04 -3.766081375984163407e-04 -2.120642367782390049e-04 -1.350134678360867546e-04 1.465444016721962348e-04 3.271992240397412089e-05 -3.558293322371851623e-05
-4.681106831721011273e-04 3.720753255375516453e-04 1.762323566334959173e-04 3.790879468279551078e-05 1.292823429617455237e-04 8.996431975598329599e-05 8.003166147276412942e-05 1.922934971974707660e-05 -1.079865755308147368e-05 -6.804132622906289430e-06 3.593255953628491772e-03 1.446303247931186560e-03 8.837218623177671775e-04 5.427456808138402759e-04 7.980528520798829380e-04 5.811725285586284229e-04 4.913096476582509177e-04 5.332089976949348141e-05 -8.613971967458270069e-05 8.190530556951167244e-06 1.214537835840258720e-02 1.916082691024456348e-03 -4.412985250903123926e-04 -4.412610268610327418e-04 7.156504953905463138e-05 1.279508539729006065e-04 2.628627530716843219e-04 1.623959998421961441e-04 1.826411437505037847e-05 -5.540876960810204834e-05
-4.670861913321536999e-04 3.960713542392568071e-04 1.688526709161498819e-04 4.399805041175239691e-05 8.694753872478187243e-05 1.030093635507529405e-04 8.953229249415283614e-05 3.205011591327130424e-05 -8.451293621039444976e-06 -9.063610244628266598e-06 3.566122732283191245e-03 1.435615828075066745e-03 5.946604559135854236e-04 3.736292678993572629e-04 5.811725285586284229e-04 6.281068639067815271e-04 4.789616098250988087e-04 6.337658518050772664e-05 -8.402071593375050101e-05 9.360901412370082312e-06 2.750356300325380258e-03 1.430826224215695983e-03 2.589474339929233445e-04 -5.427014386937162619e-04 7.547920514142370506e-05 1.434983655474354617e-04 2.948906911062088997e-04 1.449930173731446429e-04 -4.931522078344085077e-06 -4.008308542592828284e-05
-3.872290865217464751e-04 3.350715259633848695e-04 6.615563555893972487e-05 8.885677053162239830e-06 6.108005597682204574e-05 8.758250611299496784e-05 7.680844390944029413e-05 2.578246884966043162e-05 -4.450279042107044188e-06 -9.004039481380601617e-06 3.215819127234359736e-03 9.633619430032715333e-04 4.719381102704358830e-04 3.436556253129058412e-04 4.913096476582509177e-04 4.789616098250988087e-04 4.473529691815546542e-04 8.761406248628293095e-05 -8.054519017849463825e-05 3.582579943021172430e-06 -6.035675158807756417e-05 3.556841979104851379e-04 -4.067949384882694466e-04 -3.691748584414966520e-04 3.551958237853880930e-05 1.377384744094079861e-04 2.483715152650511643e-04 1.012028389313219786e-04 4.306876405481692462e-07 -3.120615446944976964e-05
8.991886012156349319e-05 8.036827526305354843e-05 5.070882950509881523e-05 4.532396916005027395e-05 3.346979872102675782e-05 5.553948518083981110e-05 3.620254265335004045e-05 2.047050577790585009e-07 -5.328803291526369029e-06 1.834036957945824150e-06 6.880146048570990073e-04 5.152485118725436942e-06 1.867657105235650920e-04 8.005251908776227459e-05 5.332089976949348141e-05 6.337658518050772664e-05 8.761406248628293095e-05 7.691064421280448737e-05 -1.421761674063735523e-05 -1.170828492905707568e-05 -2.058469082534330336e-03 -5.761754052065698548e-04 -4.543532823082610831e-04 5.999151663044665679e-05 -1.130292418106951024e-05 2.479900504020900087e-05 3.224005084146773725e-05 1.022340529469319076e-05 4.545734452369636269e-06 -7.918556268513522251e-06
7.493242890839045978e-05 -2.550378765760941320e-05 -7.366595929259855167e-06 1.145097246935728454e-05 8.258438870148148778e-06 5.080758776512384718e-06 5.089230319834357831e-06 -2.132618210825313659e-06 -3.963020543271862515e-06 2.704278831406298055e-06 -8.218261124826835426e-04 -2.115984285533730890e-04 -5.181718900789013130e-05 -3.304260573870883240e-05 -8.613971967458270069e-05 -8.402071593375050101e-05 -8.054519017849463825e-05 -1.421761674063735523e-05 2.176442581611323559e-05 -6.163559282670479993e-06 1.485323728255927929e-04 1.262640453900345681e-04 1.595051285874908868e-04 5.005279324774607527e-05 -3.436035242481216221e-05 -5.289246955933305411e-05 -5.304974661610623336e-05 -6.300492197750862131e-06 -1.555399268323964542e-06 5.450511248495958002e-06
-2.195208611063834698e-05 -2.920833198563308833e-05 -1.010328478950586257e-05 -1.484794827960764288e-05 -1.474232767685160215e-05 -2.043415478136802833e-05 -1.583885965543130575e-05 2.990127147544422673e-07 3.480973773791587702e-06 -1.153363639915536913e-06 2.755326599542089476e-04 8.985985716290724370e-05 -4.115649284820230286e-05 -2.084396579566138825e-05 8.190530556951167244e-06 9.360901412370082312e-06 3.582579943021172430e-06 -1.170828492905707568e-05 -6.163559282670479993e-06 6.984797167372272692e-06 1.411275307974176627e-04 6.803323721017163464e-05 3.464957403099197666e-05 -2.835276812445456767e-05 1.335872374718233438e-05 1.884808826387046558e-05 4.338361191423574261e-06 -6.518163297123934331e-06 -1.113420019276024787e-07 1.752818973818716082e-06
-1.183149793360744467e-02 -1.081433784302283062e-02 8.755417685266343383e-03 3.610568997081321351e-03 6.893924966496337882e-03 3.733599773576290470e-03 2.650798170252126849e-03 -8.889892460822849431e-04 -9.119767997913036037e-04 5.816674535681662199e-04 -1.165692212548318785e-01 3.509292243704202879e-03 1.133135484525974596e-02 2.713858521686201382e-04 1.214537835840258720e-02 2.750356300325380258e-03 -6.035675158807756417e-05 -2.058469082534330336e-03 1.485323728255927929e-04 1.411275307974176627e-04 1.619440345703805129e+00 1.049757630290507893e-01 -3.004405572771050303e-02 2.754553136210114665e-03 -5.015897739237217511e-03 -4.078731429637295620e-04 5.932863624705328291e-03 4.355602188214941113e-03 -9.577654890471793423e-04 -3.826951345270798591e-04
6.013939585388462577e-04 -2.039507008940075541e-03 2.155870050071837421e-05 8.704297119704746928e-04 1.278238877709037078e-03 8.251792680616509964e-04 1.203652489538674071e-03 1.563605741584778695e-04 -2.417659241233316371e-04 4.264997267354821603e-05 -7.748247691718855579e-03 3.893366812957241557e-03 5.765828336023769325e-03 1.293222663223014823e-03 1.916082691024456348e-03 1.430826224215695983e-03 3.556841979104851379e-04 -5.761754052065698548e-04 1.262640453900345681e-04 6.803323721017163464e-05 1.049757630290507893e-01 1.078887195700231616e-01 7.174991985689425401e-03 -3.140109688369370489e-03 -5.202202735543088631e-03 1.656573080471338249e-04 -2.249873068313662343e-03 1.503310855713247763e-03 -3.177425307441333565e-04 8.930453544161144294e-05
-1.011882725530721845e-03 1.130000824910836832e-03 -1.494973520708804769e-03 -4.712972383334337965e-04 -1.545776110717677113e-04 -1.843116785894536897e-04 -2.759049465898912620e-04 6.266732865731810469e-05 1.380129685877882111e-05 -1.482387138696310169e-05 9.435352015842099482e-03 6.638772351907662114e-03 1.007491382203571642e-03 -1.740506264976108500e-03 -4.412985250903123926e-04 2.589474339929233445e-04 -4.067949384882694466e-04 -4.543532823082610831e-04 1.595051285874908868e-04 3.464957403099197666e-05 -3.004405572771050303e-02 7.174991985689425401e-03 2.974144625388048038e-02 5.477442015072031198e-03 2.098270123438778900e-03 1.106866752442123986e-03 1.252298061528784451e-03 3.823135374735063584e-04 -9.049152845977525964e-05 -4.064174524637859158e-05
1.471421868229177456e-03 -1.140124029015152025e-05 -5.492411101890295674e-04 -1.449510394108247167e-04 3.377385392221515467e-05 6.534434584117955003e-05 -5.111878556789806573e-05 -7.502229147301972217e-06 -1.660675672851220561e-05 2.040087892957327179e-05 -4.855340209191584717e-03 -1.172312053407309181e-03 6.897847444130908836e-04 -9.174439525494693061e-04 -4.412610268610327418e-04 -5.427014386937162619e-04 -3.691748584414966520e-04 5.999151663044665679e-05 5.005279324774607527e-05 -2.835276812445456767e-05 2.754553136210114665e-03 -3.140109688369370489e-03 5.477442015072031198e-03 6.825709524195200384e-03 1.997700444254112053e-03 7.242361793978196885e-04 4.386546215163927864e-04 1.362706988398896515e-04 -1.743866353825223125e-05 -7.133572945715343410e-05
-2.705003180531352549e-03 1.740868506263313351e-04 4.339792130961699686e-04 -1.344072805882090148e-04 -8.105228796107035932e-06 -2.525916235153471224e-05 -7.680692676164650615e-05 -2.312318298579711683e-05 5.180821599107217129e-06 4.616681008227534988e-06 5.050007996437895757e-04 8.417849401685889663e-04 -3.799535039191190782e-05 -3.766081375984163407e-04 7.156504953905463138e-05 7.547920514142370506e-05 3.551958237853880930e-05 -1.130292418106951024e-05 -3.436035242481216221e-05 1.335872374718233438e-05 -5.015897739237217511e-03 -5.202202735543088631e-03 2.098270123438778900e-03 1.997700444254112053e-03 2.459568978547091531e-03 8.013013256928254967e-04 8.475764977733514591e-04 -2.006530829100571544e-05 1.238647858937901512e-05 -7.441701533659794742e-05
-7.508193102266725932e-04 4.706438570326755132e-06 1.643180053636366939e-04 -1.043009620134623138e-04 -1.488273852054798014e-05 -6.075799815283035412e-06 -6.280872839232784347e-05 -1.354790235264405630e-05 1.251577765842825281e-05 -2.014241061024678199e-06 -5.702702170520476677e-04 3.416278281271626022e-04 2.207393421563230652e-04 -2.120642367782390049e-04 1.279508539729006065e-04 1.434983655474354617e-04 1.377384744094079861e-04 2.479900504020900087e-05 -5.289246955933305411e-05 1.884808826387046558e-05 -4.078731429637295620e-04 1.656573080471338249e-04 1.106866752442123986e-03 7.242361793978196885e-04 8.013013256928254967e-04 7.513413828969376686e-04 5.332840268156684724e-04 9.503546374144448364e-06 -8.863030046176109621e-06 -3.872933764836911124e-05
-1.118567821365891966e-03 5.152856107472634020e-04 1.812066139638724446e-04 -9.469950897374342352e-05 1.109869129402027046e-05 6.529948844172082543e-05 3.687454191780587247e-06 -5.663752786593623061e-06 3.922257731722336779e-06 -4.293984515436319946e-06 6.370866800282713564e-04 6.229048601093447202e-04 3.179149144067515225e-04 -1.350134678360867546e-04 2.628627530716843219e-04 2.948906911062088997e-04 2.483715152650511643e-04 3.224005084146773725e-05 -5.304974661610623336e-05 4.338361191423574261e-06 5.932863624705328291e-03 -2.249873068313662343e-03 1.252298061528784451e-03 4.386546215163927864e-04 8.475764977733514591e-04 5.332840268156684724e-04 7.449179679365869984e-04 6.778763704261158058e-05 -3.479343263434577161e-05 -4.125947539665124336e-05
2.948791256121482398e-05 1.439711051231910301e-04 2.171873663146097280e-05 3.873605966632579769e-05 5.892725413321933100e-05 6.614251860829292479e-05 5.214281603341461833e-05 6.063701606449058081e-06 -6.400085317650113805e-06 -1.616618785775911157e-06 -3.308467405606020824e-04 2.621492513531142665e-05 3.721632597502597746e-04 1.465444016721962348e-04 1.623959998421961441e-04 1.449930173731446429e-04 1.012028389313219786e-04 1.022340529469319076e-05 -6.300492197750862131e-06 -6.518163297123934331e-06 4.355602188214941113e-03 1.503310855713247763e-03 3.823135374735063584e-04 1.362706988398896515e-04 -2.006530829100571544e-05 9.503546374144448364e-06 6.778763704261158058e-05 1.052051153795256424e-04 -1.348460896605858773e-05 -1.556972869417768749e-05
-1.082162094629886058e-05 -4.883409721050438311e-05 -2.466681607575162386e-06 6.475487242224719719e-06 6.464327804046235873e-06 -4.497006755258823133e-06 -3.751482917224217846e-06 -4.304873545399624350e-06 -1.015838095610275215e-07 1.079766066764224210e-06 5.362118667497472714e-05 1.123408728014346265e-04 -1.245691603401908920e-05 3.271992240397412089e-05 1.826411437505037847e-05 -4.931522078344085077e-06 4.306876405481692462e-07 4.545734452369636269e-06 -1.555399268323964542e-06 -1.113420019276024787e-07 -9.577654890471793423e-04 -3.177425307441333565e-04 -9.049152845977525964e-05 -1.743866353825223125e-05 1.238647858937901512e-05 -8.863030046176109621e-06 -3.479343263434577161e-05 -1.348460896605858773e-05 1.813321624048512364e-05 -6.381113842695860234e-06
3.770284240614259712e-05 -4.004209012479416374e-05 -3.773597104007943732e-05 -1.463345039572742967e-05 -2.043962755936112790e-05 -1.776178199840472256e-05 -1.094452874023636503e-05 4.279230681709407728e-07 1.015352767796531071e-06 7.861616273934958451e-07 8.985968276191417983e-05 -5.198387663350671192e-05 -8.139085206223990200e-05 -3.558293322371851623e-05 -5.540876960810204834e-05 -4.008308542592828284e-05 -3.120615446944976964e-05 -7.918556268513522251e-06 5.450511248495958002e-06 1.752818973818716082e-06 -3.826951345270798591e-04 8.930453544161144294e-05 -4.064174524637859158e-05 -7.133572945715343410e-05 -7.441701533659794742e-05 -3.872933764836911124e-05 -4.125947539665124336e-05 -1.556972869417768749e-05 -6.381113842695860234e-06 1.250040662899471791e-05
