2.583089171039208015e-02 1.944402829376224622e-03 1.709125265047081645e-04 4.694290090465666585e-04 1.048954386180663375e-04 1.506368059239010732e-04 1.053461839802735656e-04 3.672947629692812840e-04 -1.177615228594956081e-04 7.602098055994160728e-06
1.944402829376224622e-03 3.326620200555122173e-03 4.441845726980715573e-04 -2.178959684364002323e-04 4.811005694515431283e-05 2.276004305958077649e-04 1.799742721555962449e-04 6.163321772647513874e-05 -2.545894523568071821e-05 -1.413298238827362393e-05
1.709125265047081645e-04 4.441845726980715573e-04 1.076583003136015199e-03 2.970828686187462113e-04 3.115230188120501897e-04 2.275510671048008187e-04 1.706845645661678981e-04 3.741922076511462622e-05 -4.231546751663160653e-05 5.357601501455774456e-06
4.694290090465666585e-04 -2.178959684364002323e-04 2.970828686187462113e-04 3.414552537628039587e-04 2.574349689290215590e-04 1.928513510472654896e-04 1.628108527169130795e-04 3.292573756060330472e-05 -3.610667922369558086e-05 3.953274850767859030e-06
1.048954386180663375e-04 4.811005694515431283e-05 3.115230188120501897e-04 2.574349689290215590e-04 2.857523988957034805e-04 2.218645137125303075e-04 1.836298142355519613e-04 3.109171436058074398e-05 -4.497919569539308825e-05 8.600186490799513722e-06
1.506368059239010732e-04 2.276004305958077649e-04 2.275510671048008187e-04 1.928513510472654896e-04 2.218645137125303075e-04 2.120708689429062841e-04 1.727498170033289044e-04 2.478438805625230498e-05 -3.745543281055001316e-05 6.604139035613349523e-06
1.053461839802735656e-04 1.799742721555962449e-04 1.706845645661678981e-04 1.628108527169130795e-04 1.836298142355519613e-04 1.727498170033289044e-04 1.582128421969294062e-04 2.559281885958340655e-05 -3.276374788576709440e-05 4.528978634842422932e-06
3.672947629692812840e-04 6.163321772647513874e-05 3.741922076511462622e-05 3.292573756060330472e-05 3.109171436058074398e-05 2.478438805625230498e-05 2.559281885958340655e-05 1.877765868814023888e-05 -7.226079471003971643e-06 -1.242235295775656410e-06
-1.177615228594956081e-04 -2.545894523568071821e-05 -4.231546751663160653e-05 -3.610667922369558086e-05 -4.497919569539308825e-05 -3.745543281055001316e-05 -3.276374788576709440e-05 -7.226079471003971643e-06 9.812679980078447842e-06 -2.743828698627772554e-06
7.602098055994160728e-06 -1.413298238827362393e-05 5.357601501455774456e-06 3.953274850767859030e-06 8.600186490799513722e-06 6.604139035613349523e-06 4.528978634842422932e-06 -1.242235295775656410e-06 -2.743828698627772554e-06 2.101707845671510895e-06
