1.619440345703805129e+00 1.049757630290507893e-01 -3.004405572771050303e-02 2.754553136210114665e-03 -5.015897739237218378e-03 -4.078731429637295078e-04 5.932863624705329159e-03 4.355602188214940246e-03 -9.577654890471789086e-04 -3.826951345270801302e-04
1.049757630290507893e-01 1.078887195700231616e-01 7.174991985689425401e-03 -3.140109688369370489e-03 -5.202202735543089498e-03 1.656573080471339875e-04 -2.249873068313661909e-03 1.503310855713247763e-03 -3.177425307441333565e-04 8.930453544161145649e-05
-3.004405572771050303e-02 7.174991985689425401e-03 2.974144625388048038e-02 5.477442015072031198e-03 2.098270123438778466e-03 1.106866752442123986e-03 1.252298061528784668e-03 3.823135374735064126e-04 -9.049152845977527320e-05 -4.064174524637860513e-05
2.754553136210114665e-03 -3.140109688369370489e-03 5.477442015072031198e-03 6.825709524195200384e-03 1.997700444254112053e-03 7.242361793978196885e-04 4.386546215163927322e-04 1.362706988398896515e-04 -1.743866353825222786e-05 -7.133572945715343410e-05
-5.015897739237218378e-03 -5.202202735543089498e-03 2.098270123438778466e-03 1.997700444254112053e-03 2.459568978547091531e-03 8.013013256928254967e-04 8.475764977733514591e-04 -2.006530829100571544e-05 1.238647858937901512e-05 -7.441701533659794742e-05
-4.078731429637295078e-04 1.656573080471339875e-04 1.106866752442123986e-03 7.242361793978196885e-04 8.013013256928254967e-04 7.513413828969376686e-04 5.332840268156684724e-04 9.503546374144448364e-06 -8.863030046176109621e-06 -3.872933764836911124e-05
5.932863624705329159e-03 -2.249873068313661909e-03 1.252298061528784668e-03 4.386546215163927322e-04 8.475764977733514591e-04 5.332840268156684724e-04 7.449179679365869984e-04 6.778763704261158058e-05 -3.479343263434577161e-05 -4.125947539665124336e-05
4.355602188214940246e-03 1.503310855713247763e-03 3.823135374735064126e-04 1.362706988398896515e-04 -2.006530829100571544e-05 9.503546374144448364e-06 6.778763704261158058e-05 1.052051153795256424e-04 -1.348460896605858773e-05 -1.556972869417768749e-05
-9.577654890471789086e-04 -3.177425307441333565e-04 -9.049152845977527320e-05 -1.743866353825222786e-05 1.238647858937901512e-05 -8.863030046176109621e-06 -3.479343263434577161e-05 -1.348460896605858773e-05 1.813321624048512364e-05 -6.381113842695860234e-06
-3.826951345270801302e-04 8.930453544161145649e-05 -4.064174524637860513e-05 -7.133572945715343410e-05 -7.441701533659794742e-05 -3.872933764836911124e-05 -4.125947539665124336e-05 -1.556972869417768749e-05 -6.381113842695860234e-06 1.250040662899471791e-05
