1.077632134846083223e-01 2.042487306182966950e-02 4.976553644312368095e-03 1.395142915389817589e-03 3.593255953628491772e-03 3.566122732283191245e-03 3.215819127234359736e-03 6.880146048570990073e-04 -8.218261124826835426e-04 2.755326599542089476e-04
2.042487306182966950e-02 1.044577410189419762e-02 1.072348643906205360e-03 1.438415465790947767e-04 1.446303247931186560e-03 1.435615828075066745e-03 9.633619430032715333e-04 5.152485118725436942e-06 -2.115984285533730890e-04 8.985985716290724370e-05
4.976553644312368095e-03 1.072348643906205360e-03 4.033332191548241394e-03 9.466901483039852263e-04 8.837218623177671775e-04 5.946604559135854236e-04 4.719381102704358830e-04 1.867657105235650920e-04 -5.181718900789013130e-05 -4.115649284820230286e-05
1.395142915389817589e-03 1.438415465790947767e-04 9.466901483039852263e-04 8.894137928684637314e-04 5.427456808138402759e-04 3.736292678993572629e-04 3.436556253129058412e-04 8.005251908776227459e-05 -3.304260573870883240e-05 -2.084396579566138825e-05
3.593255953628491772e-03 1.446303247931186560e-03 8.837218623177671775e-04 5.427456808138402759e-04 7.980528520798829380e-04 5.811725285586284229e-04 4.913096476582509177e-04 5.332089976949348141e-05 -8.613971967458270069e-05 8.190530556951167244e-06
3.566122732283191245e-03 1.435615828075066745e-03 5.946604559135854236e-04 3.736292678993572629e-04 5.811725285586284229e-04 6.281068639067815271e-04 4.789616098250988087e-04 6.337658518050772664e-05 -8.402071593375050101e-05 9.360901412370082312e-06
3.215819127234359736e-03 9.633619430032715333e-04 4.719381102704358830e-04 3.436556253129058412e-04 4.913096476582509177e-04 4.789616098250988087e-04 4.473529691815546542e-04 8.761406248628293095e-05 -8.054519017849463825e-05 3.582579943021172430e-06
6.880146048570990073e-04 5.152485118725436942e-06 1.867657105235650920e-04 8.005251908776227459e-05 5.332089976949348141e-05 6.337658518050772664e-05 8.761406248628293095e-05 7.691064421280448737e-05 -1.421761674063735523e-05 -1.170828492905707568e-05
-8.218261124826835426e-04 -2.115984285533730890e-04 -5.181718900789013130e-05 -3.304260573870883240e-05 -8.613971967458270069e-05 -8.402071593375050101e-05 -8.054519017849463825e-05 -1.421761674063735523e-05 2.176442581611323559e-05 -6.163559282670479993e-06
2.755326599542089476e-04 8.985985716290724370e-05 -4.115649284820230286e-05 -2.084396579566138825e-05 8.190530556951167244e-06 9.360901412370082312e-06 3.582579943021172430e-06 -1.170828492905707568e-05 -6.163559282670479993e-06 6.984797167372272692e-06
