2.227336076867822770e-03 2.621141082410346568e-04 1.234222597744192998e-04 7.081641407645490832e-05 5.456240326775859306e-05 5.478525509643729873e-05 -1.033823882186030476e-05 5.538442549201186700e-06 6.785713897746518909e-04 5.437156950161760750e-04 1.296780114999938698e-04 1.911746347807134359e-04 2.465973958789550283e-05 -1.041842933384180131e-05 -4.843865514135234102e-05 1.675814359503807960e-05 9.155851659875009893e-04 5.313460325428889883e-04 6.545198989313823744e-05 5.992675122853012229e-05 4.631824333287754209e-05 3.010750338581483473e-05 -5.832033454616377912e-05 2.876267242934693851e-05 1.838382219373203147e-03 7.444505840221934696e-04 8.247439710764334179e-05 3.482144791924551113e-07 2.186746926466583455e-05 2.837603991414929425e-05 1.454824433472063148e-06 -3.227552145031802452e-06 3.233027164450641769e-03 -9.503171258837005738e-05 -1.142217545653306722e-04 -5.650436850775917869e-05 1.455597639305825227e-04 1.311073126313908445e-04 6.860434089408151345e-05 -3.518817319938430767e-05 5.189035657043564349e-04 -6.939019333596012189e-04 6.522110986956825473e-05 2.627548913548657028e-04 2.100972160579538540e-04 1.720398487478649830e-04 3.260785478147202536e-05 -3.801380282074388786e-05
2.621141082410346568e-04 2.878266493477833667e-04 9.180556182965868945e-05 7.490013191212995967e-05 4.223541503164895906e-05 2.299915374564197494e-05 -8.735172487838862112e-06 1.377023645358444033e-06 1.494628444525061036e-04 1.419330477030292009e-04 2.859708635183833594e-05 2.036951839851501000e-05 1.892188844586928319e-05 -1.296101410504767260e-05 -1.301923442058935677e-05 5.625380151952859612e-06 7.198189649357227677e-05 1.271150346860647489e-04 -3.108575786353270400e-05 1.199690152723967263e-05 -2.250399822121933180e-05 -2.017805663837336240e-05 -5.207919057522765578e-06 6.558252948898767555e-06 -9.230389608950595600e-06 -3.538886020255751407e-05 1.237055017948156016e-04 4.735904276238454022e-05 -4.678117584365081777e-06 1.512656965587032368e-05 1.569871561756114190e-06 2.115453465913975632e-06 5.120207297417449710e-04 -8.485295709027348293e-05 1.071665356172114012e-04 2.686368120549560351e-05 1.798200255177114345e-05 2.551739217658979692e-05 4.441189223472238140e-06 -1.207757782434227057e-06 1.032059528433290953e-05 1.142951863395655793e-04 -8.676673164329839810e-05 1.829299405027198897e-04 1.367622155634178537e-04 8.824646230047261089e-05 4.454929149664089156e-06 -8.381110185143732274e-06
1.234222597744192998e-04 9.180556182965868945e-05 1.044018151031308030e-04 4.120850996912391869e-05 4.902722818095093740e-05 3.117766181733076591e-05 3.121349437343696486e-06 -5.704908311135017452e-06 -6.362600161318036397e-05 4.962971266489668896e-05 2.158408898214691257e-05 3.109557393592952978e-05 7.730158184962503072e-06 -1.440638198504963234e-06 -1.042518470919840990e-06 -9.152701366308869008e-07 3.820239354646714082e-05 7.497886217764267440e-05 1.027274483404641881e-05 3.347118633899769726e-05 6.332716786904203501e-06 -9.352623034747049126e-07 -1.450102673191806750e-06 1.108885606768954265e-06 1.675637136412629676e-04 2.341364313935341652e-05 7.117290831238986355e-05 1.064857063046729322e-05 -9.004635057405536240e-06 -5.945675337083841961e-07 -9.266532231061503752e-06 7.432479691235731503e-06 5.176407396049745790e-04 2.632184192717780622e-04 6.027388801893745395e-05 1.049684452853607777e-04 9.118890253489169318e-05 6.829898608165354873e-05 3.651727234067834232e-06 -6.100030301178218011e-06 -1.972520515500479502e-04 -5.483837886050423358e-05 -7.400410711697099210e-05 4.100326901833493899e-05 3.779605464795805612e-05 2.924880180169137485e-05 -5.211908761926391398e-06 5.107521152630696796e-07
7.081641407645490832e-05 7.490013191212995967e-05 4.120850996912391869e-05 5.327455245140058328e-05 3.861646713543741906e-05 2.459886509644494015e-05 1.827454361112141246e-06 -3.881284142558008233e-06 -4.134462716417975687e-05 6.602216147156874033e-05 2.851769830942116367e-05 3.295686269122576881e-05 2.137234801507274120e-05 5.351210504076622276e-06 -7.577584770727652660e-06 1.713316374670517072e-06 -1.060133426851419847e-04 6.386850095031670264e-05 1.586112256851080087e-05 2.194800905844027100e-05 1.066630267837700719e-05 2.509033528504999880e-06 -4.614386702890195698e-06 1.292735994809181421e-06 3.407945988324614592e-05 1.828634093269311899e-05 1.953566605234516941e-05 2.767377397886365968e-05 -1.359860386217072494e-06 -4.181614032584577448e-07 -6.362319593960418766e-06 3.972627305928230514e-06 -3.747521468821754417e-05 1.028079336272020450e-04 4.647454922493572254e-05 4.666575705676905483e-05 3.578897013627414727e-05 4.075434838724947904e-05 3.567937061755005191e-07 -2.501682840517556319e-06 4.516100060219920221e-05 2.336975924196805002e-04 -6.013852480062797544e-05 1.783232275306902322e-05 4.503176946568157715e-05 1.914179918935704871e-05 -1.925291099777170536e-06 -2.680698879566671685e-06
5.456240326775859306e-05 4.223541503164895906e-05 4.902722818095093740e-05 3.861646713543741906e-05 4.669902272616490471e-05 3.155483711093009044e-05 3.440636746419705069e-06 -5.181471858036442373e-06 4.191362327927307911e-05 2.008677268582286754e-05 1.432461146486096167e-05 2.840043383222170910e-05 1.184779411291534712e-05 2.276510427570568548e-06 -4.459187057926459617e-06 1.894264757421172701e-07 1.061533578144289227e-04 4.679239801504762566e-05 2.974267365725499367e-05 1.901967480946016397e-05 1.234396057847453563e-05 6.032249415981018978e-06 -2.649292123944134369e-06 -3.068971908405777087e-07 -4.419383481388566468e-05 -2.238026397136529027e-05 1.310589235492809841e-05 -1.319315009724663215e-05 -1.690912190846225455e-05 -1.126211476264984125e-05 -1.030478637521690843e-05 6.433413209271884925e-06 1.568990560857759465e-04 1.473958134245387794e-04 5.728541480542780398e-05 8.246350482918539903e-05 6.829064284073178912e-05 6.363227468470543174e-05 3.071972713564781234e-06 -6.519900828398408798e-06 -2.251444698939928681e-04 1.763879401297816310e-04 2.819483531121131492e-05 1.175444481970522069e-05 2.082294624459635500e-05 1.765870258961529064e-05 -2.935758672891904966e-07 -3.499013730854767967e-06
5.478525509643729873e-05 2.299915374564197494e-05 3.117766181733076591e-05 2.459886509644494015e-05 3.155483711093009044e-05 2.759765814475839842e-05 3.655411057837119230e-06 -4.258558145072211550e-06 8.701108574848574273e-05 1.294787166497076314e-05 1.329583859483994737e-05 2.699031685585730450e-05 1.006057452227538437e-05 6.035882954163432350e-06 -4.008447432845917967e-06 4.288427831572407654e-07 1.650888068702933737e-04 3.753393482509983164e-05 3.789989831483369715e-05 1.906050335501803701e-05 1.286348578772675508e-05 6.143159717676322131e-06 -3.968288974042612326e-06 5.728549564851882305e-07 2.358823698575626359e-05 7.636693480378835635e-06 9.567604033129439560e-06 -3.131172366243580106e-06 -8.414011036897950686e-06 -8.567768645536533563e-06 -8.463005897933983224e-06 4.745832037541858422e-06 1.664560602831885634e-04 3.135803653004495334e-05 2.607777200455427559e-05 7.928697538972372821e-05 5.246913194899075741e-05 4.776274610225268757e-05 4.351802182297841420e-06 -5.356363664043925843e-06 -2.956142685403772511e-04 -2.270155294246660951e-05 1.386478787077586614e-05 -3.088643673157158372e-06 -7.331990131921702445e-06 -8.628936428810279222e-07 5.727767771852234270e-07 -2.295788705339340993e-06
-1.033823882186030476e-05 -8.735172487838862112e-06 3.121349437343696486e-06 1.827454361112141246e-06 3.440636746419705069e-06 3.655411057837119230e-06 4.371962831281030477e-06 -2.249638644758019549e-06 -1.868418903908961474e-05 1.445410247419244641e-06 1.139495846853770484e-06 2.370919646285937297e-07 -2.586444010812154359e-06 -1.694559704081077345e-06 5.698098746996069268e-07 -8.778079485299871034e-08 3.654515114744604360e-05 2.037899628354260867e-06 3.066916444346583602e-06 -8.370965607374856072e-08 1.786623191611114076e-06 -9.527758654145793441e-07 1.159577302432331458e-06 -5.368280916167714151e-07 1.178763043713937313e-05 -1.364187356837958726e-05 -4.060805385662697924e-06 -6.331463789355219471e-06 -6.681407725066945313e-06 -5.884226286859347307e-06 8.219133697858576580e-08 4.101523434341587336e-07 -5.963356671211297026e-05 -1.221968677065838955e-05 -1.721296699435177501e-06 1.084411429988380726e-05 4.777021048267075708e-06 2.725474748315239277e-06 2.980437335921188451e-06 -1.128411573317705772e-06 1.055267867131879137e-04 1.100012873002237074e-05 2.751976330833713925e-05 -9.615707643467620621e-06 -3.689099855758761073e-06 -1.001542105216068172e-06 2.194812108844707439e-06 -9.019180429209808395e-07
5.538442549201186700e-06 1.377023645358444033e-06 -5.704908311135017452e-06 -3.881284142558008233e-06 -5.181471858036442373e-06 -4.258558145072211550e-06 -2.249638644758019549e-06 1.617371239760755790e-06 -6.571056678668098341e-06 -2.909543446920613534e-06 -1.568288250249196485e-06 -3.287731535509560227e-06 -1.522596248577364269e-07 -2.518926236723785652e-07 -1.009481493780781154e-07 1.419642638082329762e-07 -2.332152020612678734e-05 -3.261953307223974134e-06 -3.137957441043282911e-06 -2.558714202267743531e-06 -1.724903245424553043e-06 -6.634502739588416265e-07 -3.987037500023651155e-07 3.590123719837440200e-07 5.969172673961933214e-07 1.012677441537760667e-05 1.457838957413716102e-06 3.824561225367594551e-06 4.648431277390595792e-06 3.987876646336533557e-06 8.506363422660857299e-07 -8.728803025429461624e-07 2.567477163974035036e-05 -1.165256426787612357e-05 -1.793353481874440792e-06 -1.289125064253639296e-05 -7.280026485161657094e-06 -5.918894545580731929e-06 -1.590649812135283575e-06 1.150974059857246996e-06 1.098718808773467922e-05 -2.867309566163052815e-05 -6.092783736462726271e-06 1.194749211246928816e-06 4.402835492161513522e-07 -1.282371063356225588e-06 -9.606761895443559837e-07 6.563911113042337174e-07
6.785713897746518909e-04 1.494628444525061036e-04 -6.362600161318036397e-05 -4.134462716417975687e-05 4.191362327927307911e-05 8.701108574848574273e-05 -1.868418903908961474e-05 -6.571056678668098341e-06 7.686889664539130890e-03 7.077521846471418378e-04 2.623164144670521100e-04 3.186815479705768124e-04 1.456818759781842391e-04 1.357803847219680462e-04 -1.559563407077025655e-05 5.313943548809351054e-06 4.265225495218824374e-03 3.733115436069116321e-04 1.715682031913255625e-04 7.743528734014040315e-06 -7.521202067655908502e-06 5.886361449853722119e-05 -4.718392925666122195e-05 1.039251808809829944e-05 -1.864697037428669551e-03 -2.115288199967794330e-04 2.173495471768017615e-04 -2.505379666361117613e-04 -1.099039471556739951e-04 -1.576154159500232866e-04 4.275993384601623729e-05 2.005522140943060604e-06 6.722257344350742077e-04 -6.118529674258238807e-04 3.816380567111502691e-04 2.416823256905866228e-04 -2.062747612177328132e-05 1.648995742592304200e-05 3.183905213765664380e-05 -4.045754436519614493e-05 -7.158490087713026070e-03 8.548870385083644956e-04 8.802363514336560002e-04 5.382280835509165896e-04 -1.556996185250543094e-04 -2.159051702734030302e-04 1.821818002430554515e-04 -9.563287613180914640e-05
5.437156950161760750e-04 1.419330477030292009e-04 4.962971266489668896e-05 6.602216147156874033e-05 2.008677268582286754e-05 1.294787166497076314e-05 1.445410247419244641e-06 -2.909543446920613534e-06 7.077521846471418378e-04 4.262053317590262054e-04 1.045808623527489203e-04 9.615179046608918559e-05 4.423172231941564217e-05 1.394917732770714442e-05 -1.851636749340686720e-05 7.704646166677874396e-06 2.276885759375587656e-05 2.332485730721482211e-04 -4.637913663994750287e-05 3.475831175177789104e-05 5.769723520569227087e-06 -2.135162815528772652e-05 -2.545625911879234918e-05 1.164692242586035991e-05 8.884250257828708256e-04 1.655560920513057040e-04 3.682846513901165826e-05 6.652609134821960374e-05 2.863607354401557175e-05 1.001595506333068892e-06 1.844541768099938644e-05 -5.446461904020572894e-06 3.390859034577895751e-04 4.215742356383297030e-05 -3.950080999328324253e-06 -1.510423569490290689e-05 7.714652864528222581e-06 3.962054225354612896e-06 1.243466037179779414e-05 -6.396394313127461822e-06 1.636603197475416645e-04 1.793527364445147998e-04 -8.267303584683626807e-05 5.601271860740215193e-05 8.497130507199923482e-05 1.077650234404725438e-05 1.360739826903373638e-05 -1.511160289201936845e-05
1.296780114999938698e-04 2.859708635183833594e-05 2.158408898214691257e-05 2.851769830942116367e-05 1.432461146486096167e-05 1.329583859483994737e-05 1.139495846853770484e-06 -1.568288250249196485e-06 2.623164144670521100e-04 1.045808623527489203e-04 1.218086462025868254e-04 5.628491857992325170e-05 3.767015307339266933e-05 2.400914082292642649e-05 -8.508750326088962361e-06 1.558467229171368541e-06 -8.297491466762432408e-05 1.462250361741391204e-05 5.497012880617100793e-05 5.210908128138416236e-05 1.811276547057251289e-05 8.790538779689349410e-06 -1.036964814334789638e-05 3.123530419379360808e-06 -3.418043462187758392e-04 1.610982580934438012e-05 -1.370738660119726914e-05 6.802178761879383887e-05 1.578995236924920549e-05 -2.012277315027389411e-06 5.479818004034413376e-06 -3.554430338156773041e-06 -2.239675372427194335e-04 1.399674106844471261e-04 6.996507439764483572e-05 4.175321588299321570e-05 9.555710210399656642e-06 3.510981272684685284e-05 8.897622288825283375e-06 -5.594964196530757556e-06 -4.058937301984252014e-05 7.438829114913291006e-04 -2.267052832188296468e-05 3.833845315176268709e-07 4.528152585722290788e-05 1.312083779829777604e-05 1.541575006742361821e-05 -1.107564368521488237e-05
1.911746347807134359e-04 2.036951839851501000e-05 3.109557393592952978e-05 3.295686269122576881e-05 2.840043383222170910e-05 2.699031685585730450e-05 2.370919646285937297e-07 -3.287731535509560227e-06 3.186815479705768124e-04 9.615179046608918559e-05 5.628491857992325170e-05 9.323067129224227984e-05 5.103736516148494543e-05 3.766695666560314186e-05 -1.581916896684414410e-06 -3.162181425122252098e-06 9.735616569678771925e-05 3.801247088684828011e-05 5.610933716910051529e-05 5.419890012634483753e-05 2.985313292539677098e-05 2.530337844344570758e-05 -8.002252354985209625e-06 2.037723820812621332e-07 6.003034792203097448e-05 1.717679804863793131e-04 1.612915418854642935e-05 2.425365002332576723e-05 1.499726523072002654e-06 -6.779133988201772430e-07 -4.234474503069819458e-06 2.955256047317872210e-06 -3.702291826118079675e-05 1.945600145794688517e-04 7.784757027160322648e-06 4.519845970375366387e-05 4.224672001309098698e-05 5.319588109455684058e-05 9.103183695659860028e-06 -7.880394172569883348e-06 -5.495385314330129617e-04 1.136359465694950464e-04 -1.311864571501589422e-04 -1.365965600152153916e-05 1.316028878186631722e-05 -1.067831729643108128e-05 5.771622778121058982e-06 -6.583421131130578638e-06
2.465973958789550283e-05 1.892188844586928319e-05 7.730158184962503072e-06 2.137234801507274120e-05 1.184779411291534712e-05 1.006057452227538437e-05 -2.586444010812154359e-06 -1.522596248577364269e-07 1.456818759781842391e-04 4.423172231941564217e-05 3.767015307339266933e-05 5.103736516148494543e-05 5.026655120902362493e-05 3.337141890221776000e-05 5.541508713808427474e-07 -3.634105394955781333e-06 2.919715602782953028e-05 8.075329628211500642e-06 3.139502619793393192e-05 2.586232258323401402e-05 2.093662277453189966e-05 2.090878754195312303e-05 -3.712895154799656335e-06 -4.041737801556366918e-07 -7.009692403887212613e-05 7.000420144774471853e-05 9.394559035050883351e-06 1.830234462581990806e-05 1.084414340543009355e-05 2.482175590226963219e-06 -4.232806602796239734e-07 8.870948720872544280e-07 -4.053492831766807784e-04 6.410196930290076314e-05 2.349969467737771458e-05 7.508104478167021870e-06 -3.279396441574590733e-06 1.901339195843520700e-05 1.956723285715478479e-06 -1.056881000683147212e-06 -6.185739718925603288e-04 3.377304438238252463e-04 -8.011942882993682111e-05 -1.170308487380249118e-05 2.411621064281195041e-05 -1.828974617689007936e-05 4.413880203719684585e-06 -3.819068292058584355e-06
-1.041842933384180131e-05 -1.296101410504767260e-05 -1.440638198504963234e-06 5.351210504076622276e-06 2.276510427570568548e-06 6.035882954163432350e-06 -1.694559704081077345e-06 -2.518926236723785652e-07 1.357803847219680462e-04 1.394917732770714442e-05 2.400914082292642649e-05 3.766695666560314186e-05 3.337141890221776000e-05 3.104297544790267317e-05 2.846473237107349131e-06 -3.405880546962180112e-06 5.734498423638129848e-05 1.308610822785658350e-06 3.790462336886157022e-05 3.111710329148619094e-05 2.141835317281139716e-05 2.141480055159696968e-05 -1.550822197338060578e-06 -1.447725407700583355e-06 -4.604628626614625111e-05 5.096419328529479454e-05 -1.755175703765949449e-06 1.697683788017629043e-05 8.637678909808913869e-06 -2.072181568059787702e-06 -1.551523297221510558e-07 6.488558287033868614e-07 -2.680280435147745365e-04 4.238838528167256792e-05 -6.246415911201431412e-08 2.662481770066979370e-05 7.870599262118937558e-06 1.515497209179704979e-05 4.521679990534049076e-06 -3.753962379315057697e-06 -5.463912688112762105e-04 1.461797261216670504e-04 -8.686830735735447486e-05 -2.902334027329623738e-05 2.962748979273328988e-06 -2.290973253680995205e-05 7.415176446572347854e-06 -3.381588468984390817e-06
-4.843865514135234102e-05 -1.301923442058935677e-05 -1.042518470919840990e-06 -7.577584770727652660e-06 -4.459187057926459617e-06 -4.008447432845917967e-06 5.698098746996069268e-07 -1.009481493780781154e-07 -1.559563407077025655e-05 -1.851636749340686720e-05 -8.508750326088962361e-06 -1.581916896684414410e-06 5.541508713808427474e-07 2.846473237107349131e-06 5.924039462327117084e-06 -2.436346627758606223e-06 -2.436059368030781612e-05 -2.246729339146255990e-05 -3.795896022542939138e-07 -3.564789227905604153e-06 -1.731174830676635972e-06 -1.514057320419715015e-08 3.962406830872992772e-06 -1.814579477182625540e-06 -7.840916859678793939e-05 -1.134371701333505924e-05 -1.434380453607296907e-06 -1.195773266696449143e-05 -4.953224709184332178e-06 -1.472023215779868619e-06 7.620797473417695233e-07 3.098795184807978357e-07 -8.101004778498916673e-05 1.242944781634810659e-05 3.318223748112295406e-06 1.747902367405334737e-06 -1.150491094612622851e-06 -5.130940150250767949e-06 8.058693940714968082e-07 -3.530313638788256934e-07 1.809184063488729916e-05 -3.274741492667914615e-05 1.822030896244635075e-05 -6.522744165916347607e-06 -2.717548733197226846e-06 -2.986830389627616633e-06 4.464087603866116586e-07 5.035201134299486677e-07
1.675814359503807960e-05 5.625380151952859612e-06 -9.152701366308869008e-07 1.713316374670517072e-06 1.894264757421172701e-07 4.288427831572407654e-07 -8.778079485299871034e-08 1.419642638082329762e-07 5.313943548809351054e-06 7.704646166677874396e-06 1.558467229171368541e-06 -3.162181425122252098e-06 -3.634105394955781333e-06 -3.405880546962180112e-06 -2.436346627758606223e-06 1.361715978178140732e-06 4.961825604725142150e-06 1.065545723914145734e-05 -2.738963937698236255e-06 -8.848635330840281582e-07 -1.210424741085171864e-06 -2.266999105536240988e-06 -1.380237779405318255e-06 8.618154252313982819e-07 3.972599713201051573e-05 8.308004691090236309e-08 1.723452258926263909e-06 5.281407579216608792e-06 2.159945388896035246e-06 7.357750878361046940e-07 1.744840397164239592e-07 -4.195048738748622272e-07 4.996551736605365119e-05 -1.829639726213852153e-05 -8.805616791339365496e-07 -1.018219476791373327e-06 -1.205748841961009262e-06 -1.468520677643015683e-06 -4.647694599473839531e-07 3.482382344210183085e-07 5.470886306112772446e-05 -1.938895348361943956e-05 1.784737413340855923e-06 4.217576005350928461e-06 -3.809804905007843459e-07 1.309405442683245740e-06 -2.191689240275672540e-07 -3.210039257021097025e-09
9.155851659875009893e-04 7.198189649357227677e-05 3.820239354646714082e-05 -1.060133426851419847e-04 1.061533578144289227e-04 1.650888068702933737e-04 3.654515114744604360e-05 -2.332152020612678734e-05 4.265225495218824374e-03 2.276885759375587656e-05 -8.297491466762432408e-05 9.735616569678771925e-05 2.919715602782953028e-05 5.734498423638129848e-05 -2.436059368030781612e-05 4.961825604725142150e-06 7.844730875470952089e-03 4.925062570297620342e-04 3.505071153350054454e-04 6.173805173802163345e-05 1.663770965043983544e-04 1.795566219092113172e-04 -4.110870799272555989e-07 -6.793981700955838338e-06 4.289913130092707239e-04 -5.938331261549368570e-04 2.487543994891726015e-04 -4.950412162941405765e-04 -1.658322789623524658e-04 -2.167811045498002512e-04 3.554899490813006891e-05 3.058066672630330802e-06 2.249911095216885430e-03 -1.981623422551551973e-03 9.549105718904655972e-05 4.235068988150422851e-04 2.858300048664353722e-04 2.342715990882045891e-04 1.828762568950453588e-04 -9.875275510977617242e-05 -8.077220747232518455e-03 -3.640267607220472996e-04 1.667626300336940825e-03 2.671678809146610530e-04 -4.431329471813960316e-05 -2.448986009640888146e-05 2.789814352033712563e-04 -1.342943636553233010e-04
5.313460325428889883e-04 1.271150346860647489e-04 7.497886217764267440e-05 6.386850095031670264e-05 4.679239801504762566e-05 3.753393482509983164e-05 2.037899628354260867e-06 -3.261953307223974134e-06 3.733115436069116321e-04 2.332485730721482211e-04 1.462250361741391204e-05 3.801247088684828011e-05 8.075329628211500642e-06 1.308610822785658350e-06 -2.246729339146255990e-05 1.065545723914145734e-05 4.925062570297620342e-04 4.870864835919888462e-04 -1.027983301900708019e-05 -6.215582524543563031e-06 1.221428656517811871e-05 -2.426672727175096377e-06 -2.509939162363533695e-05 1.392342521539280227e-05 1.186849973407160886e-03 1.810040081892925774e-04 1.213423055810151680e-04 4.254296916519004348e-05 5.076229676161377676e-05 3.804089728769495949e-05 7.135968479273600597e-06 -1.796473797127211856e-06 6.741912741856441156e-04 -3.756840946579431489e-04 -8.976947780924833086e-05 4.515442152478569990e-05 7.869159192468836469e-05 3.442551845447900429e-05 1.108904588352611476e-05 -6.793751616027597924e-06 -6.616451500271068251e-04 -1.024317875432379649e-03 -1.338233013305724015e-04 -3.850441448203813764e-05 9.094782801487740541e-06 -5.756565862996690575e-05 3.819810399868368405e-05 -1.557288125284674049e-05
6.545198989313823744e-05 -3.108575786353270400e-05 1.027274483404641881e-05 1.586112256851080087e-05 2.974267365725499367e-05 3.789989831483369715e-05 3.066916444346583602e-06 -3.137957441043282911e-06 1.715682031913255625e-04 -4.637913663994750287e-05 5.497012880617100793e-05 5.610933716910051529e-05 3.139502619793393192e-05 3.790462336886157022e-05 -3.795896022542939138e-07 -2.738963937698236255e-06 3.505071153350054454e-04 -1.027983301900708019e-05 2.222599364938003552e-04 8.072884711229226290e-05 8.540285200760108786e-05 5.559988287255352156e-05 -5.116286497635406928e-06 -4.388749895598567960e-06 -3.951663255065746743e-04 2.052087004435647398e-04 3.543896224592156253e-05 2.846030282375799437e-05 2.193149266369146959e-05 -1.993963489871903083e-05 -1.673688795836534177e-05 5.936310500668687405e-06 5.862541823916445679e-04 1.506662711020487525e-04 1.580600859741864437e-04 2.137136973346413164e-04 1.286007399522348562e-04 8.886830295757172573e-05 1.981173171347841663e-05 -1.760202309891451683e-05 -4.683505845063334980e-04 1.686385429433300866e-04 2.621638025839508946e-04 8.132423822001158390e-06 -1.188811732331368256e-05 -2.440660500062116797e-05 1.288101759014567830e-05 -8.939045624604616139e-06
5.992675122853012229e-05 1.199690152723967263e-05 3.347118633899769726e-05 2.194800905844027100e-05 1.901967480946016397e-05 1.906050335501803701e-05 -8.370965607374856072e-08 -2.558714202267743531e-06 7.743528734014040315e-06 3.475831175177789104e-05 5.210908128138416236e-05 5.419890012634483753e-05 2.586232258323401402e-05 3.111710329148619094e-05 -3.564789227905604153e-06 -8.848635330840281582e-07 6.173805173802163345e-05 -6.215582524543563031e-06 8.072884711229226290e-05 1.077436936178061236e-04 5.362199539359768655e-05 3.343632383010861227e-05 -2.298819732726505156e-06 -3.132716769362254646e-06 1.551806249390681204e-04 1.047234924351775619e-04 3.502885261462838538e-05 7.626719929403191355e-05 1.893882921992096288e-05 -6.151655376561993467e-06 -3.648455076256568371e-06 9.229959208858813883e-07 2.688153234315427179e-04 2.605253112638427205e-04 3.426590138882807844e-05 9.614847398884500125e-05 8.217765941168329337e-05 6.635618725661936276e-05 1.463054437173180688e-05 -1.376536876223451667e-05 -1.175311952392624031e-04 1.479214778704782097e-04 -1.680775954683530493e-04 -4.607901494313793099e-05 3.066056529412457450e-05 1.814642574646899582e-05 6.103538016028612702e-06 -4.712487473670945775e-06
4.631824333287754209e-05 -2.250399822121933180e-05 6.332716786904203501e-06 1.066630267837700719e-05 1.234396057847453563e-05 1.286348578772675508e-05 1.786623191611114076e-06 -1.724903245424553043e-06 -7.521202067655908502e-06 5.769723520569227087e-06 1.811276547057251289e-05 2.985313292539677098e-05 2.093662277453189966e-05 2.141835317281139716e-05 -1.731174830676635972e-06 -1.210424741085171864e-06 1.663770965043983544e-04 1.221428656517811871e-05 8.540285200760108786e-05 5.362199539359768655e-05 5.637596887967743044e-05 3.577651390728661663e-05 -1.176248288330740847e-06 -3.239124118729874386e-06 1.554922877641698280e-04 1.417802228475077144e-04 4.319278076416004618e-05 2.768857523024015294e-05 2.185043638616046584e-05 -1.047392034270755806e-05 -6.734418493301075651e-06 2.295618461456654561e-06 1.688971413691361435e-04 1.294305482646224354e-04 5.780432311735254669e-05 6.479515422141884418e-05 5.781532086687777379e-05 3.671236393019087764e-05 7.896654655595700985e-06 -7.163957739044157997e-06 -6.891644909347641179e-05 5.634356028618127323e-05 7.507260008653818847e-05 -2.458896926189844335e-05 9.513553666684174045e-06 -1.635969904678880830e-05 1.985321927603255060e-06 -1.072916969195160168e-06
3.010750338581483473e-05 -2.017805663837336240e-05 -9.352623034747049126e-07 2.509033528504999880e-06 6.032249415981018978e-06 6.143159717676322131e-06 -9.527758654145793441e-07 -6.634502739588416265e-07 5.886361449853722119e-05 -2.135162815528772652e-05 8.790538779689349410e-06 2.530337844344570758e-05 2.090878754195312303e-05 2.141480055159696968e-05 -1.514057320419715015e-08 -2.266999105536240988e-06 1.795566219092113172e-04 -2.426672727175096377e-06 5.559988287255352156e-05 3.343632383010861227e-05 3.577651390728661663e-05 3.791125652532844850e-05 8.942633324539825863e-07 -3.167952840389326856e-06 -7.537971649976828680e-05 8.944890614985748895e-05 1.911705650838145672e-05 1.317651344960242502e-06 4.169359261304818120e-06 -7.864991231577454691e-06 -3.741437752958598643e-06 1.933312756112924193e-06 -6.356499848883535831e-05 1.270436389678149074e-04 2.091205090189650025e-05 1.728707648414952151e-05 2.064286205668095241e-05 2.020941995820513590e-05 7.643682022826785876e-06 -5.665874458209716599e-06 -4.962407196948121066e-04 2.733828341790130482e-04 -1.102560294352035619e-05 2.119282533720432096e-05 2.296535445000001197e-05 -3.585068391483501911e-08 9.215908511267927738e-06 -4.532071712849756231e-06
-5.832033454616377912e-05 -5.207919057522765578e-06 -1.450102673191806750e-06 -4.614386702890195698e-06 -2.649292123944134369e-06 -3.968288974042612326e-06 1.159577302432331458e-06 -3.987037500023651155e-07 -4.718392925666122195e-05 -2.545625911879234918e-05 -1.036964814334789638e-05 -8.002252354985209625e-06 -3.712895154799656335e-06 -1.550822197338060578e-06 3.962406830872992772e-06 -1.380237779405318255e-06 -4.110870799272555989e-07 -2.509939162363533695e-05 -5.116286497635406928e-06 -2.298819732726505156e-06 -1.176248288330740847e-06 8.942633324539825863e-07 5.582652748176670791e-06 -2.327535478190746211e-06 -9.691409946081504592e-05 -3.686825629434928244e-05 2.962513532781752936e-06 -9.645630292039101379e-06 -9.165262117924107709e-06 -5.437240884338760536e-06 7.051464969332250406e-07 3.093624591593148124e-07 -1.133782126456844516e-04 7.343328209997022796e-06 9.504694471188625539e-06 -7.414175844792165680e-06 -4.766631706409555520e-06 -5.807178359997589686e-06 8.218861980752661122e-07 -1.472115046957049615e-07 1.635724678465583541e-04 2.533169069926703593e-05 2.697313250735379085e-05 -1.296277259591945184e-07 8.300064140804379220e-06 6.109994620599662392e-06 1.525353783232836859e-06 2.297575948743088587e-07
2.876267242934693851e-05 6.558252948898767555e-06 1.108885606768954265e-06 1.292735994809181421e-06 -3.068971908405777087e-07 5.728549564851882305e-07 -5.368280916167714151e-07 3.590123719837440200e-07 1.039251808809829944e-05 1.164692242586035991e-05 3.123530419379360808e-06 2.037723820812621332e-07 -4.041737801556366918e-07 -1.447725407700583355e-06 -1.814579477182625540e-06 8.618154252313982819e-07 -6.793981700955838338e-06 1.392342521539280227e-05 -4.388749895598567960e-06 -3.132716769362254646e-06 -3.239124118729874386e-06 -3.167952840389326856e-06 -2.327535478190746211e-06 1.420914248432981472e-06 5.289086044372429043e-05 9.501476282588217521e-06 2.078720629366724821e-08 4.293865102588008917e-06 3.855997469384484391e-06 3.710640102080299662e-06 2.932576533081420396e-07 -4.103139189915794880e-07 4.659262564661403552e-05 -2.464958794854150750e-05 -7.544048492965668634e-06 -1.837607572650667558e-06 -3.053793180798150383e-06 -1.646602085779556271e-06 -7.933211251188726739e-07 8.303719164762317863e-07 -3.661493754082136373e-05 -3.737219064762800196e-05 -1.410311817261519069e-05 2.959581204201426562e-06 -3.398344065737350020e-06 -1.874877995245981488e-06 -8.935627177276704124e-07 2.370892830522967213e-07
1.838382219373203147e-03 -9.230389608950595600e-06 1.675637136412629676e-04 3.407945988324614592e-05 -4.419383481388566468e-05 2.358823698575626359e-05 1.178763043713937313e-05 5.969172673961933214e-07 -1.864697037428669551e-03 8.884250257828708256e-04 -3.418043462187758392e-04 6.003034792203097448e-05 -7.009692403887212613e-05 -4.604628626614625111e-05 -7.840916859678793939e-05 3.972599713201051573e-05 4.289913130092707239e-04 1.186849973407160886e-03 -3.951663255065746743e-04 1.551806249390681204e-04 1.554922877641698280e-04 -7.537971649976828680e-05 -9.691409946081504592e-05 5.289086044372429043e-05 1.338055221591909032e-02 2.404191390996942256e-03 7.267171528383464590e-04 4.515606646791350755e-04 4.192707715926833711e-04 1.990957306788155928e-04 -3.250611569104681361e-05 1.932431389741119692e-06 6.230605319873666788e-03 -6.095365566802276713e-04 -7.476253635142047658e-04 5.630030204573380161e-05 1.543200246320546151e-04 -9.936882372207099577e-05 -7.076319014223687572e-05 5.514598567295657963e-05 3.200975276222068656e-03 -9.781793093999740715e-03 -1.955287188379118291e-03 -6.656565841245680893e-04 -5.250312062429024441e-04 -5.946137443943874060e-04 -2.280234727624955962e-04 1.409466986802501861e-04
7.444505840221934696e-04 -3.538886020255751407e-05 2.341364313935341652e-05 1.828634093269311899e-05 -2.238026397136529027e-05 7.636693480378835635e-06 -1.364187356837958726e-05 1.012677441537760667e-05 -2.115288199967794330e-04 1.655560920513057040e-04 1.610982580934438012e-05 1.717679804863793131e-04 7.000420144774471853e-05 5.096419328529479454e-05 -1.134371701333505924e-05 8.308004691090236309e-08 -5.938331261549368570e-04 1.810040081892925774e-04 2.052087004435647398e-04 1.047234924351775619e-04 1.417802228475077144e-04 8.944890614985748895e-05 -3.686825629434928244e-05 9.501476282588217521e-06 2.404191390996942256e-03 1.954871198069163454e-03 4.741559627668814393e-04 2.346122521904394124e-04 1.974165578443265673e-04 1.434749661220891383e-04 -3.684262475572883751e-05 2.317270666535589022e-06 2.165211211937989079e-03 9.430129707632738199e-04 1.133154489129502377e-04 2.911146582881760363e-05 3.606046127751577423e-05 -4.469237605765783111e-05 -3.483642952676782822e-05 2.673554307863937167e-05 5.497788561524051629e-04 -2.546870489119518449e-03 -5.129799644636753690e-04 1.248333745523258704e-04 -1.676525215538144460e-04 -2.455379739637622788e-04 -9.392141755717370365e-05 4.899766005557389678e-05
8.247439710764334179e-05 1.237055017948156016e-04 7.117290831238986355e-05 1.953566605234516941e-05 1.310589235492809841e-05 9.567604033129439560e-06 -4.060805385662697924e-06 1.457838957413716102e-06 2.173495471768017615e-04 3.682846513901165826e-05 -1.370738660119726914e-05 1.612915418854642935e-05 9.394559035050883351e-06 -1.755175703765949449e-06 -1.434380453607296907e-06 1.723452258926263909e-06 2.487543994891726015e-04 1.213423055810151680e-04 3.543896224592156253e-05 3.502885261462838538e-05 4.319278076416004618e-05 1.911705650838145672e-05 2.962513532781752936e-06 2.078720629366724821e-08 7.267171528383464590e-04 4.741559627668814393e-04 3.618459516707853239e-04 9.183044683602649275e-05 6.972590106222376408e-05 4.359372490337230159e-05 -9.675584240354909938e-06 2.280479860629631160e-06 7.176148914308231371e-04 1.271881879054327798e-04 2.024949287772539748e-04 5.567182057144402113e-05 2.702539865645678353e-05 -2.631254076139334433e-05 -1.631773013948263325e-05 1.217403601238023099e-05 4.286846239155486511e-04 -1.202282735066452848e-03 4.512576432663847859e-05 1.080017861844804707e-04 -1.958813728850848263e-05 -7.202258574013911338e-05 -2.373905095544084288e-05 1.893456734134356075e-05
3.482144791924551113e-07 4.735904276238454022e-05 1.064857063046729322e-05 2.767377397886365968e-05 -1.319315009724663215e-05 -3.131172366243580106e-06 -6.331463789355219471e-06 3.824561225367594551e-06 -2.505379666361117613e-04 6.652609134821960374e-05 6.802178761879383887e-05 2.425365002332576723e-05 1.830234462581990806e-05 1.697683788017629043e-05 -1.195773266696449143e-05 5.281407579216608792e-06 -4.950412162941405765e-04 4.254296916519004348e-05 2.846030282375799437e-05 7.626719929403191355e-05 2.768857523024015294e-05 1.317651344960242502e-06 -9.645630292039101379e-06 4.293865102588008917e-06 4.515606646791350755e-04 2.346122521904394124e-04 9.183044683602649275e-05 1.891420164987283269e-04 8.316214798716920506e-05 4.474355664474535463e-05 1.248829676243713067e-06 -6.131007951905183432e-06 8.758530953412482203e-05 3.954737997176195998e-05 -6.068226175991554937e-06 4.124131616822610821e-06 -4.830431450748373834e-06 -9.303419038677879165e-06 -1.367411775972285942e-05 9.011466766500316071e-06 6.729464963285770917e-04 -4.829627963712314126e-04 -3.400310756243307155e-04 -9.330814461086735679e-05 -1.659973359046535625e-05 -4.316484288344114606e-05 -1.581397582778697937e-05 1.253490066649750959e-05
2.186746926466583455e-05 -4.678117584365081777e-06 -9.004635057405536240e-06 -1.359860386217072494e-06 -1.690912190846225455e-05 -8.414011036897950686e-06 -6.681407725066945313e-06 4.648431277390595792e-06 -1.099039471556739951e-04 2.863607354401557175e-05 1.578995236924920549e-05 1.499726523072002654e-06 1.084414340543009355e-05 8.637678909808913869e-06 -4.953224709184332178e-06 2.159945388896035246e-06 -1.658322789623524658e-04 5.076229676161377676e-05 2.193149266369146959e-05 1.893882921992096288e-05 2.185043638616046584e-05 4.169359261304818120e-06 -9.165262117924107709e-06 3.855997469384484391e-06 4.192707715926833711e-04 1.974165578443265673e-04 6.972590106222376408e-05 8.316214798716920506e-05 7.931973333392462223e-05 4.649564325333149491e-05 2.713141326144951584e-06 -6.040514772935318161e-06 1.451681694333516702e-04 -8.137263727047058511e-05 -9.313978476161727551e-07 -3.820097268796395098e-07 -4.301221815404589989e-06 -2.181068702015243391e-05 -6.401157010823159668e-06 5.875558024549346928e-06 -1.851596383497720291e-04 -4.288744196731497345e-04 -4.259366605509594123e-05 -4.079792342727051762e-05 -3.456439608875835282e-05 -3.801578831334373503e-05 -1.013971701074759823e-05 6.854248241145407110e-06
2.837603991414929425e-05 1.512656965587032368e-05 -5.945675337083841961e-07 -4.181614032584577448e-07 -1.126211476264984125e-05 -8.567768645536533563e-06 -5.884226286859347307e-06 3.987876646336533557e-06 -1.576154159500232866e-04 1.001595506333068892e-06 -2.012277315027389411e-06 -6.779133988201772430e-07 2.482175590226963219e-06 -2.072181568059787702e-06 -1.472023215779868619e-06 7.357750878361046940e-07 -2.167811045498002512e-04 3.804089728769495949e-05 -1.993963489871903083e-05 -6.151655376561993467e-06 -1.047392034270755806e-05 -7.864991231577454691e-06 -5.437240884338760536e-06 3.710640102080299662e-06 1.990957306788155928e-04 1.434749661220891383e-04 4.359372490337230159e-05 4.474355664474535463e-05 4.649564325333149491e-05 5.536439061131844420e-05 5.538298024281776111e-06 -6.335168792926617842e-06 2.690237632166194703e-05 -6.209072746499829829e-05 -4.381869330271243338e-05 -4.384376255727986715e-05 -2.349736771557428029e-05 -2.275564635205516205e-05 -3.843764978957187208e-06 5.802788758515018727e-06 -2.478601777859400787e-04 -3.740551842619273672e-04 -1.430178974867832992e-04 -1.463614782981563270e-05 -2.142601068696815733e-05 -4.654065489433316333e-06 -4.344577307048139247e-06 2.281096791124971629e-06
1.454824433472063148e-06 1.569871561756114190e-06 -9.266532231061503752e-06 -6.362319593960418766e-06 -1.030478637521690843e-05 -8.463005897933983224e-06 8.219133697858576580e-08 8.506363422660857299e-07 4.275993384601623729e-05 1.844541768099938644e-05 5.479818004034413376e-06 -4.234474503069819458e-06 -4.232806602796239734e-07 -1.551523297221510558e-07 7.620797473417695233e-07 1.744840397164239592e-07 3.554899490813006891e-05 7.135968479273600597e-06 -1.673688795836534177e-05 -3.648455076256568371e-06 -6.734418493301075651e-06 -3.741437752958598643e-06 7.051464969332250406e-07 2.932576533081420396e-07 -3.250611569104681361e-05 -3.684262475572883751e-05 -9.675584240354909938e-06 1.248829676243713067e-06 2.713141326144951584e-06 5.538298024281776111e-06 8.848170482525493855e-06 -4.153804347546173340e-06 -1.495761772674165447e-04 -7.124481567414213217e-05 -2.372023376828816740e-05 -3.213539670959897815e-05 -1.974493622945697308e-05 -1.545630715348606196e-05 5.621096923411958938e-06 -1.152564736951840959e-06 -4.940193719416179140e-05 7.931075865018321345e-05 -3.424553087285601270e-06 -5.145270312251824995e-06 1.296055466578496600e-05 1.012561369207359636e-05 1.138194887934531944e-05 -5.524187914122608416e-06
-3.227552145031802452e-06 2.115453465913975632e-06 7.432479691235731503e-06 3.972627305928230514e-06 6.433413209271884925e-06 4.745832037541858422e-06 4.101523434341587336e-07 -8.728803025429461624e-07 2.005522140943060604e-06 -5.446461904020572894e-06 -3.554430338156773041e-06 2.955256047317872210e-06 8.870948720872544280e-07 6.488558287033868614e-07 3.098795184807978357e-07 -4.195048738748622272e-07 3.058066672630330802e-06 -1.796473797127211856e-06 5.936310500668687405e-06 9.229959208858813883e-07 2.295618461456654561e-06 1.933312756112924193e-06 3.093624591593148124e-07 -4.103139189915794880e-07 1.932431389741119692e-06 2.317270666535589022e-06 2.280479860629631160e-06 -6.131007951905183432e-06 -6.040514772935318161e-06 -6.335168792926617842e-06 -4.153804347546173340e-06 2.602870751510840049e-06 6.397675417090877318e-05 3.986141253950605212e-05 1.172960912907783627e-05 1.768809343137950940e-05 1.080849242294456517e-05 8.771998331480753051e-06 -2.293714988670163050e-06 1.116268233379460594e-07 -7.182766843218634634e-06 -7.712542920274152489e-06 8.020165489940343531e-07 6.406377569981873425e-06 -2.565436076392205935e-06 -4.062195686057578401e-06 -4.110233341640023788e-06 2.048819483624919126e-06
