6.746208648217746351e+00 9.420983046730192489e-01 3.262011655260760867e-01 1.544998646873216308e-02 6.072341462760055125e-02 4.969123239527584168e-02 2.171099769160188611e-02 4.845050017254652619e-03 2.794473626457268881e-03 -4.390676228097830161e-03
9.420983046730192489e-01 5.491647038356064492e-01 1.445791657002888086e-01 -1.391583280853544687e-03 3.555837658975526117e-02 1.467439473458290178e-02 9.321911910468792806e-03 5.267093337516681739e-03 3.290413760931345773e-04 -1.549036427307256365e-03
3.262011655260760867e-01 1.445791657002888086e-01 1.211943523186936045e-01 8.448665972540948116e-03 8.244745464890877035e-03 2.960706254483397477e-03 1.029229787507042427e-03 1.068725519341443518e-03 8.297147642601737606e-04 -8.026678545424105384e-04
1.544998646873216308e-02 -1.391583280853544687e-03 8.448665972540948116e-03 4.371566902113133667e-03 2.553096119574516771e-04 -5.111920776360230926e-04 -2.511598092418237103e-04 -1.023506651746228555e-04 1.414989067527962945e-04 -4.943039439750774135e-05
6.072341462760055125e-02 3.555837658975526117e-02 8.244745464890877035e-03 2.553096119574516771e-04 6.602099464908447839e-03 1.971310356034729032e-03 1.442632849530782208e-03 1.193073803917833135e-03 1.114798817326342980e-05 -3.173251201154418189e-04
4.969123239527584168e-02 1.467439473458290178e-02 2.960706254483397477e-03 -5.111920776360230926e-04 1.971310356034729032e-03 1.126916293748602641e-03 5.657700098250264794e-04 4.321550163888877904e-04 -3.853457439240651290e-06 -1.132474613491669940e-04
2.171099769160188611e-02 9.321911910468792806e-03 1.029229787507042427e-03 -2.511598092418237103e-04 1.442632849530782208e-03 5.657700098250264794e-04 5.702253954922660486e-04 3.529958255695741739e-04 4.233988754432188506e-06 -9.268255848064973807e-05
4.845050017254652619e-03 5.267093337516681739e-03 1.068725519341443518e-03 -1.023506651746228555e-04 1.193073803917833135e-03 4.321550163888877904e-04 3.529958255695741739e-04 3.588925503921908404e-04 -3.083039832280214623e-06 -8.012753104888624867e-05
2.794473626457268881e-03 3.290413760931345773e-04 8.297147642601737606e-04 1.414989067527962945e-04 1.114798817326342980e-05 -3.853457439240651290e-06 4.233988754432188506e-06 -3.083039832280214623e-06 3.100156680351399204e-05 -1.666595960782601878e-05
-4.390676228097830161e-03 -1.549036427307256365e-03 -8.026678545424105384e-04 -4.943039439750774135e-05 -3.173251201154418189e-04 -1.132474613491669940e-04 -9.268255848064973807e-05 -8.012753104888624867e-05 -1.666595960782601878e-05 2.929697765653605188e-05
