3.329057213022074222e-03 5.110674230260431545e-04 6.511253978396385226e-04 1.254227320303983814e-04 1.432243513480821484e-04 5.341768525835314738e-05 2.307393174855854436e-05 2.123033077861805992e-05 -5.283666371204257762e-06 -4.599641215587197206e-06
5.110674230260431545e-04 9.955491259946245425e-04 3.589425433439102898e-04 1.716470092582561677e-04 9.330296978316462964e-05 2.901026628274458449e-05 3.365990937622088876e-05 -2.012059205188712489e-06 2.762237044585592113e-06 -4.518575984867483231e-06
6.511253978396385226e-04 3.589425433439102898e-04 2.695881995021809645e-04 9.615330472536307883e-05 5.835016050355067174e-05 2.381822494377795448e-05 2.547248128510370927e-05 9.498758752931282963e-06 4.182595559653844818e-07 -3.876606114015157887e-06
1.254227320303983814e-04 1.716470092582561677e-04 9.615330472536307883e-05 7.934400366851967568e-05 3.509701643103262727e-05 1.277846012421445636e-05 1.570455873369713741e-05 2.747812238989377580e-06 -1.598887971948563548e-06 -4.301665106308575254e-07
1.432243513480821484e-04 9.330296978316462964e-05 5.835016050355067174e-05 3.509701643103262727e-05 3.246129029108797454e-05 1.774456123294349590e-05 1.562370975317818538e-05 4.290088841039836258e-06 -2.078654706400628710e-06 -5.714189988652449322e-07
5.341768525835314738e-05 2.901026628274458449e-05 2.381822494377795448e-05 1.277846012421445636e-05 1.774456123294349590e-05 1.400087447446792007e-05 1.129189187877711781e-05 2.377516069853056468e-06 -1.201007919173019662e-06 -3.702713531889177063e-07
2.307393174855854436e-05 3.365990937622088876e-05 2.547248128510370927e-05 1.570455873369713741e-05 1.562370975317818538e-05 1.129189187877711781e-05 1.491506290446640921e-05 5.699862609072276099e-06 -2.204281981500191142e-06 -5.898695192583579954e-07
2.123033077861805992e-05 -2.012059205188712489e-06 9.498758752931282963e-06 2.747812238989377580e-06 4.290088841039836258e-06 2.377516069853056468e-06 5.699862609072276099e-06 5.382579364216169621e-06 -1.317090401500847269e-06 -5.593171011383682060e-07
-5.283666371204257762e-06 2.762237044585592113e-06 4.182595559653844818e-07 -1.598887971948563548e-06 -2.078654706400628710e-06 -1.201007919173019662e-06 -2.204281981500191142e-06 -1.317090401500847269e-06 1.613327423805242807e-06 -5.311761191780714977e-07
-4.599641215587197206e-06 -4.518575984867483231e-06 -3.876606114015157887e-06 -4.301665106308575254e-07 -5.714189988652449322e-07 -3.702713531889177063e-07 -5.898695192583579954e-07 -5.593171011383682060e-07 -5.311761191780714977e-07 4.974885867730014165e-07
