6.028982558152978051e-04 1.560374014015841824e-04 9.103226397180139975e-05 2.018228856146414969e-05 6.498107702852870566e-06 -7.909909584372636369e-06 -1.377105718114561741e-05 -2.190832325143467159e-06 -5.844782196327366093e-06 3.441164065282242138e-06
1.560374014015841824e-04 2.689251452279589898e-04 1.224130642101551323e-04 4.705048317506762884e-05 2.887070981141659335e-05 9.334829573183714237e-06 2.882858659646444137e-06 -2.232256833947459931e-06 5.269214898430634017e-06 -2.613864455457778105e-06
9.103226397180139975e-05 1.224130642101551323e-04 1.156845767998953211e-04 4.422050943965998563e-05 2.455398559752100662e-05 9.782468989219395079e-06 6.468992261880826182e-06 5.469563079112015569e-06 -5.886519775533587283e-07 -1.343996455655683251e-06
2.018228856146414969e-05 4.705048317506762884e-05 4.422050943965998563e-05 3.021608558765975880e-05 1.537926752972554526e-05 8.189663072710019016e-06 4.577532363932613328e-06 -2.702073168556435536e-07 -2.917782581933615978e-07 8.813511030598390578e-08
6.498107702852870566e-06 2.887070981141659335e-05 2.455398559752100662e-05 1.537926752972554526e-05 1.565154184151783067e-05 1.153500729263598482e-05 6.197072800834373129e-06 1.651331043081570784e-07 -2.529998260116229396e-07 -1.253056748469150302e-07
-7.909909584372636369e-06 9.334829573183714237e-06 9.782468989219395079e-06 8.189663072710019016e-06 1.153500729263598482e-05 1.097001708401149734e-05 6.326392895020737338e-06 6.447266770288125070e-07 -4.916663724649322319e-07 -2.101020128161151609e-07
-1.377105718114561741e-05 2.882858659646444137e-06 6.468992261880826182e-06 4.577532363932613328e-06 6.197072800834373129e-06 6.326392895020737338e-06 7.584008158539897837e-06 2.533629264596949474e-06 -1.415614428426793092e-06 -6.392932913338855673e-08
-2.190832325143467159e-06 -2.232256833947459931e-06 5.469563079112015569e-06 -2.702073168556435536e-07 1.651331043081570784e-07 6.447266770288125070e-07 2.533629264596949474e-06 3.361976597303013626e-06 -4.499958235779417714e-07 -7.185711723657133816e-07
-5.844782196327366093e-06 5.269214898430634017e-06 -5.886519775533587283e-07 -2.917782581933615978e-07 -2.529998260116229396e-07 -4.916663724649322319e-07 -1.415614428426793092e-06 -4.499958235779417714e-07 2.483760480314818054e-06 -1.261902372875222275e-06
3.441164065282242138e-06 -2.613864455457778105e-06 -1.343996455655683251e-06 8.813511030598390578e-08 -1.253056748469150302e-07 -2.101020128161151609e-07 -6.392932913338855673e-08 -7.185711723657133816e-07 -1.261902372875222275e-06 1.021925378166065318e-06
