3.867643562607081531e-02 5.304560365267043873e-03 3.581646337157301280e-04 6.068659542488531646e-04 4.544675406081865373e-04 8.333792014100170734e-06 3.168198814070063312e-04 3.405783654841283313e-04 -1.509747176647927274e-04 -4.841629063968141314e-06
5.304560365267043873e-03 8.959475388647679742e-03 2.007575308187512127e-03 7.865763856654564784e-04 2.263692460260173761e-04 -3.519275275874473967e-05 1.386374308228968016e-04 1.022268129725396567e-05 5.988207796462789766e-05 -3.040745627456841948e-05
3.581646337157301280e-04 2.007575308187512127e-03 3.012219158786989207e-03 1.018150673668198484e-03 3.859824347111859310e-04 1.702522272395016252e-04 1.735838736580728558e-04 1.298283715307309760e-04 1.845477241485905318e-05 -3.674517866403837212e-05
6.068659542488531646e-04 7.865763856654564784e-04 1.018150673668198484e-03 6.721462423373188166e-04 2.417813005733757267e-04 1.117800430667222029e-04 1.183779113999549449e-04 7.170955953746975726e-05 -1.135990548925687394e-05 -1.087153681906463016e-05
4.544675406081865373e-04 2.263692460260173761e-04 3.859824347111859310e-04 2.417813005733757267e-04 1.349714802176025868e-04 6.551641036391468427e-05 6.166383701578098133e-05 3.373910311492002125e-05 -1.372295026442199409e-05 -1.715566250329971536e-06
8.333792014100170734e-06 -3.519275275874473967e-05 1.702522272395016252e-04 1.117800430667222029e-04 6.551641036391468427e-05 5.929472440727864770e-05 4.085587373230364482e-05 2.563618886032056397e-05 -6.621615903063634235e-06 -3.623727216912668442e-06
3.168198814070063312e-04 1.386374308228968016e-04 1.735838736580728558e-04 1.183779113999549449e-04 6.166383701578098133e-05 4.085587373230364482e-05 5.048020361556068925e-05 2.596701327795680877e-05 -5.403923450719933311e-06 -3.975251840123840110e-06
3.405783654841283313e-04 1.022268129725396567e-05 1.298283715307309760e-04 7.170955953746975726e-05 3.373910311492002125e-05 2.563618886032056397e-05 2.596701327795680877e-05 2.968168061208183641e-05 -3.901448458190516189e-06 -4.654597540008274929e-06
-1.509747176647927274e-04 5.988207796462789766e-05 1.845477241485905318e-05 -1.135990548925687394e-05 -1.372295026442199409e-05 -6.621615903063634235e-06 -5.403923450719933311e-06 -3.901448458190516189e-06 6.350717059432922958e-06 -2.629952641104109944e-06
-4.841629063968141314e-06 -3.040745627456841948e-05 -3.674517866403837212e-05 -1.087153681906463016e-05 -1.715566250329971536e-06 -3.623727216912668442e-06 -3.975251840123840110e-06 -4.654597540008274929e-06 -2.629952641104109944e-06 2.838865570475149782e-06
