3.336635505704214737e-03 7.416384101806979771e-04 8.354689951645851960e-04 6.638332416385047362e-04 4.519961532291382270e-04 2.047374675814407716e-04 8.314835323059986444e-05 1.853238907603287934e-04 3.620883094567589714e-05 -5.245978654620817667e-05 2.602554901188055582e-03 7.363157371154720405e-04 8.621373770202316739e-04 4.490802859919085710e-04 2.082068966874115834e-04 8.810515267346939120e-05 1.955436955386489009e-04 2.473030263993649400e-04 7.822945611557730007e-05 -7.662123773129744049e-05 2.977087122969037519e-03 1.306198443498753732e-03 8.005430943540904273e-04 2.647765341363142130e-04 5.542080903692196388e-05 3.584675843881784144e-05 9.234250890760129936e-05 1.432442366709510385e-04 2.388539505006156456e-05 -2.754797092678670908e-05 3.563471805708224444e-03 9.759049340708826929e-04 8.416354317949268282e-04 4.258116871352999461e-04 7.391663025373518096e-04 4.062770296318995544e-04 2.533028187056054342e-04 1.579958867766601536e-04 2.213150786786405963e-06 -1.204223063310228106e-05 1.616736696177569280e-02 5.236199386851794930e-03 2.723088216845896085e-03 1.605292288511850395e-03 1.645657748889847293e-03 5.961008297878499923e-04 2.427605841666805096e-04 5.166421501183262894e-04 6.618606016928221488e-05 -7.906053937985935847e-05
7.416384101806979771e-04 8.625153108000362112e-04 4.320851302547984506e-04 3.847805124999505036e-04 2.209238990876293105e-04 5.337247928687925810e-05 4.186081417733767138e-06 5.264363372344161998e-05 8.923926144088283901e-06 -1.006901140641232521e-05 2.896700968252930190e-04 1.400143649213677461e-04 3.483226684713969191e-04 2.906479500074601744e-04 1.521889170889645978e-04 -5.067978408065204295e-05 -8.910187048180458113e-06 8.544700835505041308e-05 1.191422488896523456e-05 -1.547639259594429530e-05 1.427731563606191457e-03 8.608833386733254992e-04 3.769299985843584545e-04 9.594330659222365424e-05 1.797002654292347411e-05 -5.489215716610856680e-05 1.825674668593002512e-05 6.824102307782857436e-05 -7.154717018024453823e-06 -7.351044654703184724e-06 -2.588682380747278893e-04 1.213794179640556364e-03 3.142881203175941821e-04 -8.213832926580338944e-05 1.756891024783490806e-04 1.826450653155780300e-04 1.394404688392451841e-04 7.333666448835099807e-05 8.257548872987528998e-07 -1.354273023205262142e-05 1.150661538632088629e-02 5.645197502293766495e-04 -3.982792813412193368e-04 -2.010059441237247336e-04 2.852113403831442007e-04 4.981772104965502280e-05 4.570408299784901933e-05 1.023541612072913882e-04 5.388866312368845033e-05 -3.856189349958268357e-05
8.354689951645851960e-04 4.320851302547984506e-04 4.987943177173246668e-04 3.538755046123302967e-04 2.273693564330903430e-04 1.070867966089042726e-04 2.588848343040551597e-05 2.353172166331150215e-05 1.736070401775881037e-05 -1.527837160067506113e-05 1.218560619429153358e-04 3.231466673975602437e-04 3.179435991569644414e-04 1.844272307683857387e-04 1.056978712302979217e-04 1.430308064854296549e-05 3.954112666034663941e-05 5.171968445853996639e-05 1.923479321760465310e-05 -1.430995694465935404e-05 -2.434666436676330786e-05 5.713089191495416067e-04 4.810175957182721081e-04 2.035028322346232204e-05 -7.863887259211857180e-05 -7.784963061834464574e-05 -3.476269455012753859e-05 -2.570926865704046338e-06 -2.901656223629405422e-06 4.467085039781268902e-06 -4.572147557318293875e-04 9.287247971921773091e-04 4.625235099305280905e-04 4.133560027354800734e-05 1.753580495929843387e-04 2.059910211681606625e-04 9.547342547696516886e-05 1.632605136858697863e-05 -2.940201313126940833e-05 1.532335295737609029e-05 2.666141807175137837e-03 3.402285502300250990e-03 9.121457174265171219e-04 4.641034950222152743e-04 6.563474327698962498e-04 2.111398708033234372e-04 1.004633324391005839e-04 1.319530365042458899e-04 1.074873963096826546e-05 -1.431529877656837412e-05
6.638332416385047362e-04 3.847805124999505036e-04 3.538755046123302967e-04 3.776648863382766935e-04 2.596665305231803762e-04 1.255603174551585255e-04 3.692752963793207073e-05 2.167803541090457373e-05 1.453627573378968883e-05 -1.005842836514930014e-05 5.636851931634547083e-04 1.836208549705574118e-04 2.848283156803017684e-04 3.193221445923084801e-04 2.169438579085772268e-04 8.307513441998203539e-05 5.180047732472845440e-05 4.435429024012546085e-05 1.713455216256681425e-05 -1.062108698812360716e-05 4.561366266476043563e-04 4.023372134461904170e-04 3.522417185285174916e-04 1.172597916438684429e-04 2.942460949557558993e-05 -4.221388627294389979e-05 -1.550257142649100967e-05 9.069641305607577334e-06 -2.173066659601702844e-06 2.096555401403140535e-06 -7.951697202292672335e-05 7.580686473392137881e-04 4.405314166117950034e-04 1.792889191567385908e-04 4.104959212266043106e-04 2.457318787214016415e-04 9.848905361874670233e-05 3.191684035236555208e-05 -1.184836379157711444e-05 2.948869262246972716e-06 7.116563588778879179e-03 -3.887197363267085254e-05 1.060484593891260598e-03 6.826341317290556118e-04 1.123445934120288325e-03 4.618912472342885699e-04 1.552289506400955719e-04 9.283739923138707728e-05 1.395950838916393028e-05 -1.385535690202753798e-05
4.519961532291382270e-04 2.209238990876293105e-04 2.273693564330903430e-04 2.596665305231803762e-04 2.042803455347548503e-04 9.884699438240559502e-05 2.708110478015200660e-05 7.930070993852369909e-06 8.942320565749726520e-06 -3.210317758169804096e-06 4.806097350482588107e-04 1.956180905671549275e-04 1.818068363781788054e-04 2.393980982498801154e-04 1.927722792910186334e-04 8.708385522800536388e-05 4.589673966311701262e-05 2.279504493937698211e-05 1.375185828539341438e-05 -4.602354306127586268e-06 1.010192802728138173e-04 3.345871259394314775e-04 2.577610794570349331e-04 9.768484315183370635e-05 2.767058245836186384e-05 -3.017190434135842738e-05 -5.653447399398071225e-06 5.316835593626033062e-06 -1.191849423011446585e-06 3.036841530625085717e-06 -2.361505529772496979e-05 4.243043373013674689e-04 2.999248975786634368e-04 2.782759884406103682e-04 4.065270523048738170e-04 2.234756746220053103e-04 7.137212870816011731e-05 2.489038537359996862e-05 -5.497400528696730645e-06 1.378217704663677894e-06 4.901176852332034088e-03 -6.466449232993337279e-04 8.611348091571896556e-04 6.187246588541405910e-04 1.063838896512289862e-03 4.725374253669866213e-04 1.462733154911435862e-04 6.294060108890667997e-05 1.307241417037106219e-05 -9.520993727643633012e-06
2.047374675814407716e-04 5.337247928687925810e-05 1.070867966089042726e-04 1.255603174551585255e-04 9.884699438240559502e-05 7.314217334542934506e-05 3.400621817133356469e-05 4.898235127184461764e-06 4.981874569918799586e-06 -3.261140188541035609e-06 1.923034891719498053e-04 9.468820380355935467e-05 5.759116408883440991e-05 1.062025206102833419e-04 8.417306026918971280e-05 6.068414931212802048e-05 3.607959795478744174e-05 5.237752269189040422e-06 5.214546008247620588e-06 -1.082696944386018701e-06 -1.858513312364282937e-04 1.354645113312053937e-04 1.230978579341587918e-04 5.748484950292393164e-05 2.724279638069600218e-05 1.091361466426784859e-05 8.617388254041918628e-06 -6.709298768866990370e-07 2.982026236900606385e-06 -3.211668924928265974e-07 1.111072772906885849e-04 2.824645057619498017e-04 2.689166720852692854e-04 1.754320670133733087e-04 2.379979390947193512e-04 1.217242031302289210e-04 3.499213336988650486e-05 9.956022104473669909e-06 -3.782404275223112645e-06 4.033627691717503382e-06 -1.866327127165578071e-05 -6.328455178669203972e-04 5.488938725114775145e-04 4.210029571777328182e-04 6.091207954782006670e-04 2.822609189482921878e-04 9.643515586825543039e-05 4.239788770012282158e-05 -8.000583031832491365e-07 6.893745545993333429e-07
8.314835323059986444e-05 4.186081417733767138e-06 2.588848343040551597e-05 3.692752963793207073e-05 2.708110478015200660e-05 3.400621817133356469e-05 2.934883292202956643e-05 1.301346369847028056e-05 3.982295848364250582e-06 -4.593755080331600338e-06 1.192062188891253685e-04 3.669212691976258768e-06 -2.355991890339494352e-05 8.915754253326511940e-06 6.885879294753665421e-06 1.952773921788096646e-05 1.990195673894668444e-05 6.844880863647029866e-06 -8.346171119944595023e-07 -4.531585783481243930e-07 3.931339483463599561e-05 4.883254875829112318e-05 3.386768885789002059e-05 3.357298864997535935e-05 2.329962290993852316e-05 1.700038587124313064e-05 9.153049377837783497e-06 6.224237603789625059e-06 3.871633912367024991e-06 -2.742324730207564273e-06 3.784076765880868234e-05 1.651575398476614785e-04 1.645058723750651556e-04 9.765260204231082674e-05 1.045917757546798289e-04 3.733301319427140296e-05 1.678463434382275354e-05 8.082131148996308951e-06 -1.087514650289764421e-06 1.838976694106721114e-06 -5.609750652334139550e-04 8.735560496537577455e-05 2.664382639355374603e-04 1.558332853769514776e-04 1.936429282179615594e-04 1.167720663885917805e-04 5.044335763460107658e-05 2.163567798760844673e-05 1.508320622471359676e-07 8.545894443836069011e-07
1.853238907603287934e-04 5.264363372344161998e-05 2.353172166331150215e-05 2.167803541090457373e-05 7.930070993852369909e-06 4.898235127184461764e-06 1.301346369847028056e-05 3.609411122493214090e-05 7.018154575022875038e-06 -1.027825415066335495e-05 1.575093826373713719e-04 -3.075122499174964803e-05 9.484091701386760149e-06 1.271559941881945405e-06 -1.931858712966913591e-05 -9.290066791803361753e-07 1.685585845976378912e-05 2.875403087358808225e-05 1.286121360297836307e-06 -7.257494738499966009e-06 4.557221565687208094e-04 6.010340041883320599e-05 4.405067219917287727e-05 4.363928396827552309e-05 2.375782496808365608e-05 5.093867711266183412e-06 1.108329164698142893e-05 3.376873054049064909e-05 9.680280369457275533e-06 -1.025004873206341341e-05 6.101309677802785921e-05 -2.288189072401561189e-04 -1.249676500540043841e-04 -8.172281934408270800e-05 -3.220105087498449474e-05 -2.111425779739138314e-05 1.366794392014470892e-05 1.835333455357052792e-05 1.383054721181574972e-06 -3.077687707991081243e-06 1.762313777168568593e-03 9.983702252223392026e-04 9.014231975828353660e-05 -8.659006916844513737e-05 -1.621125435186741956e-04 -5.748505282316880525e-06 2.818000542434963038e-05 3.518390146663400456e-05 1.228880573868616301e-05 -1.164957419450103143e-05
3.620883094567589714e-05 8.923926144088283901e-06 1.736070401775881037e-05 1.453627573378968883e-05 8.942320565749726520e-06 4.981874569918799586e-06 3.982295848364250582e-06 7.018154575022875038e-06 4.823713485253384588e-06 -3.530062021499550034e-06 5.554470178389017796e-05 -1.163839178481960780e-05 -3.812062877621316253e-06 4.506998597284428685e-06 1.873997466927080835e-06 1.704720782646171537e-06 3.187940877129721775e-06 4.243683401331305875e-06 7.365629517418288184e-08 -4.799134264397529844e-07 -2.599161498620904459e-05 1.006424112694322839e-05 1.013687629203097204e-05 -7.509202974368884565e-06 -2.348734991108741708e-05 -1.523719131005901492e-05 -4.525547494707853401e-06 6.374080366289459768e-06 4.245048952288339043e-06 -2.864183860144496980e-06 -3.223559340575778517e-05 -1.761607530441670970e-05 -3.031352289248112741e-05 -6.355257210198845593e-06 1.159150436101794772e-05 3.336534787664678434e-06 2.113602462100686182e-06 5.206484698044884925e-07 -2.818078055801220619e-06 1.422768825324333839e-06 7.302210947738578973e-04 2.723935663041743499e-04 9.458343306495833674e-05 3.233082953021929246e-05 1.693946772585935718e-06 2.287998922158703203e-05 1.975117319371377979e-05 3.700002271652349224e-06 1.956727559510591419e-06 -1.398098612853710161e-06
-5.245978654620817667e-05 -1.006901140641232521e-05 -1.527837160067506113e-05 -1.005842836514930014e-05 -3.210317758169804096e-06 -3.261140188541035609e-06 -4.593755080331600338e-06 -1.027825415066335495e-05 -3.530062021499550034e-06 4.127728330399057075e-06 -1.980017928656059711e-05 8.894815519301574243e-06 -5.739254250900374108e-07 3.559340011761502460e-06 1.060762165471496428e-05 1.234761209164006137e-06 -5.231239040084445951e-06 -7.108057163774877925e-06 -2.381188077638966148e-07 1.971007557243637219e-06 -6.165367543848967210e-05 -1.487812770496185041e-05 -1.715668397548716209e-05 -7.202298764146613590e-06 5.665762621623388156e-06 5.452045932554705599e-06 6.786715171674678126e-09 -8.791764374138221361e-06 -3.478826644978091952e-06 3.170114966902365603e-06 4.130087204238278225e-06 5.402490893404365488e-05 3.393930824216063861e-05 3.417344942582119726e-05 1.719050767082158646e-05 8.515048297523931351e-06 -2.363850144054145232e-06 -3.296597964815265974e-06 1.590534538122217947e-06 -3.015382461675818445e-07 -1.870977383054993120e-04 -4.985549148882577200e-04 -5.278691165717547013e-05 1.093089878617054698e-05 5.846129796925438792e-05 5.663174128742176627e-06 -1.146992068582600921e-05 -9.904130532858995565e-06 -1.850579372541197133e-06 2.569762848780613982e-06
2.602554901188055582e-03 2.896700968252930190e-04 1.218560619429153358e-04 5.636851931634547083e-04 4.806097350482588107e-04 1.923034891719498053e-04 1.192062188891253685e-04 1.575093826373713719e-04 5.554470178389017796e-05 -1.980017928656059711e-05 9.701644983138510425e-03 8.789875666609431228e-04 9.226769585622232898e-04 1.272705416361723588e-03 9.956540707904461013e-04 2.820587153389154510e-04 1.473641070826335392e-04 3.008011460319647955e-04 6.119454296030862829e-05 -5.096403191639280265e-05 3.379706675458469655e-03 -8.973193000605352758e-04 -4.175326488479141722e-04 -3.077886948148810605e-04 -2.275306056499483095e-04 -8.511075599881269495e-05 -5.694119029070555190e-05 9.158703999096468452e-05 7.142987207679110781e-05 -5.710581375317918970e-05 9.544107793751699376e-03 5.965026229561037506e-04 9.033685854682989378e-04 1.515988757373802794e-03 1.942338670031676243e-03 3.187650265823253589e-04 8.284558456597174321e-05 2.236254494931274532e-04 6.093465310301868066e-06 -3.748149737328460295e-05 3.599491975447956932e-02 -2.195236621519027626e-02 9.429522635100400299e-03 5.038989749353427194e-03 4.709640641649310254e-03 1.789881719030955547e-03 2.586810792922289502e-04 2.147356295510497153e-04 8.265575811079960134e-05 -3.663566710960585533e-05
7.363157371154720405e-04 1.400143649213677461e-04 3.231466673975602437e-04 1.836208549705574118e-04 1.956180905671549275e-04 9.468820380355935467e-05 3.669212691976258768e-06 -3.075122499174964803e-05 -1.163839178481960780e-05 8.894815519301574243e-06 8.789875666609431228e-04 1.849098628236242733e-03 4.046222711080480557e-04 2.330982578498542307e-04 9.134795290228202877e-05 1.385539645538097583e-05 5.017268666128139675e-05 6.180579552833987054e-06 3.600307200502688744e-05 -1.092110844082043150e-05 -2.799479888165482249e-03 1.773307702342004225e-03 3.968009898941099825e-04 -1.394311338412449993e-04 -2.437327572807718125e-04 -7.379361558833206190e-05 6.038099881572457455e-05 -1.252280636719941749e-05 1.224312323240871810e-05 -1.228087856322715123e-05 4.984646175453559362e-03 5.749992072643746914e-04 7.528627195104673495e-04 4.267973675200269711e-04 1.116984540645520578e-04 8.871603456395777060e-05 -3.270193446522951821e-05 7.321278112407993144e-05 1.605493274537559209e-05 -2.162384438716146538e-05 -2.794019230677850796e-02 1.854482538015021168e-03 2.506620558229627656e-03 1.626162753630381414e-03 1.142570910552029913e-03 1.107919873813741215e-04 -1.434784690383269471e-04 1.188144742614192037e-04 5.836450542970194392e-06 -3.071537834342846715e-06
8.621373770202316739e-04 3.483226684713969191e-04 3.179435991569644414e-04 2.848283156803017684e-04 1.818068363781788054e-04 5.759116408883440991e-05 -2.355991890339494352e-05 9.484091701386760149e-06 -3.812062877621316253e-06 -5.739254250900374108e-07 9.226769585622232898e-04 4.046222711080480557e-04 1.143921280263780500e-03 5.674925915777639419e-04 3.305558567852117432e-04 1.371237930111743949e-04 1.594056964507980766e-05 3.604284483089589244e-05 2.777606306389246638e-05 -2.172354681357672687e-05 -1.274154892548080527e-04 -1.193038515540529183e-04 -8.461754795426038568e-06 -2.073995840430802940e-04 -2.367581481154530610e-04 -9.384934881011797148e-05 -3.503438323905664980e-05 -3.726766070614061699e-05 -1.776879168074975833e-05 1.554385278547089493e-05 -1.415107354556682925e-03 -6.000778661664968924e-04 6.763711785729690942e-05 -1.781417702364233760e-04 2.116972767633422273e-04 2.209631068478496243e-04 1.308516019922586115e-04 5.914752150132769154e-05 -9.629960256120252370e-06 -6.610897089954342300e-06 2.623495838741502894e-03 -3.447435670615036155e-03 3.536430250375746740e-03 8.116595054979500873e-04 9.023242253245446426e-04 4.888237150695895787e-04 -5.781150088233563423e-05 9.254690652159680683e-05 -1.705038021065473047e-06 -1.535579400095140080e-05
4.490802859919085710e-04 2.906479500074601744e-04 1.844272307683857387e-04 3.193221445923084801e-04 2.393980982498801154e-04 1.062025206102833419e-04 8.915754253326511940e-06 1.271559941881945405e-06 4.506998597284428685e-06 3.559340011761502460e-06 1.272705416361723588e-03 2.330982578498542307e-04 5.674925915777639419e-04 5.749741321851749298e-04 4.100064754001434366e-04 1.747471669810379369e-04 4.062144426984561920e-05 2.788729485643077786e-05 2.141337956360263463e-05 -9.654031866171276411e-06 -1.525619464928415595e-05 -2.354331653476909704e-05 6.719046952234478988e-05 3.197146780557219575e-05 -1.777629826251183343e-05 -2.967523377743966017e-05 -4.472946704497738578e-06 3.111829778588868132e-07 5.271131057692771017e-06 -3.967544811315477155e-06 1.108010328557594120e-04 -1.159586605949432388e-04 5.153570714267637879e-05 2.184849535677165866e-04 5.672520719662199531e-04 2.622967912461374824e-04 8.240266147900309781e-05 4.452808287063144327e-05 -9.602960976328616256e-09 -8.758481731456914970e-06 8.156116018756034633e-03 -6.434155763219248647e-03 2.199612286747486527e-03 1.097085666219446611e-03 1.552575814670280286e-03 7.262314747476951828e-04 9.475918749555314630e-05 4.437689281618175427e-05 1.775699364286987913e-05 -1.765801461270940134e-05
2.082068966874115834e-04 1.521889170889645978e-04 1.056978712302979217e-04 2.169438579085772268e-04 1.927722792910186334e-04 8.417306026918971280e-05 6.885879294753665421e-06 -1.931858712966913591e-05 1.873997466927080835e-06 1.060762165471496428e-05 9.956540707904461013e-04 9.134795290228202877e-05 3.305558567852117432e-04 4.100064754001434366e-04 3.693991846162667913e-04 1.598320253329687385e-04 3.642269721145521372e-05 1.568209809485664744e-07 1.277517243488866107e-05 1.919482974481418238e-06 -8.461504669002139882e-05 -1.359940126030144566e-04 4.114268554288114322e-05 3.897156587270242536e-05 9.150204644871282213e-06 -2.495224600165160979e-05 -1.516191922436629507e-05 -1.746499482921629352e-05 -7.393075451675560431e-07 4.843141622144575663e-06 -5.533844142173705537e-04 5.702835379498183663e-06 2.437177998947986311e-06 4.266302983378894402e-04 6.225859670780550499e-04 2.856787884345521680e-04 6.996212783510794247e-05 2.138500006510721737e-05 -3.160137097217018130e-06 -1.678404607345568456e-06 8.994367478955069689e-03 -5.374282226701569166e-03 1.580627974370969573e-03 8.617999252105156298e-04 1.562038332644075231e-03 7.748661114522378780e-04 1.393596675222189831e-04 1.401598718427275502e-05 1.087846119262693308e-05 -7.785119696931114191e-06
8.810515267346939120e-05 -5.067978408065204295e-05 1.430308064854296549e-05 8.307513441998203539e-05 8.708385522800536388e-05 6.068414931212802048e-05 1.952773921788096646e-05 -9.290066791803361753e-07 1.704720782646171537e-06 1.234761209164006137e-06 2.820587153389154510e-04 1.385539645538097583e-05 1.371237930111743949e-04 1.747471669810379369e-04 1.598320253329687385e-04 1.251667611710984961e-04 4.952838528640360208e-05 -7.629931143248896815e-06 7.641434694011834826e-06 -7.682796132518447795e-07 -2.747995666370338938e-04 -1.726871660529514542e-04 2.467202449392965092e-05 5.998770508178888675e-05 4.694046949476138124e-05 3.164582956233133703e-05 1.142760011636529193e-05 -5.754458370311454117e-06 5.735554419708853624e-06 -6.923508221930248787e-07 -4.476058560439798509e-04 -3.550203076082676331e-04 -7.495112525292537613e-05 1.886270348432594304e-04 2.886282999642388611e-04 1.353564628023743008e-04 2.806874267372719682e-05 9.181183095916357147e-06 2.141233229431221169e-06 -1.889496300145962263e-08 1.427012735971587131e-03 -1.935791823333694915e-03 8.543853675173361572e-04 3.434018209948320826e-04 6.808205334503382141e-04 4.638485656619322742e-04 1.175155598605262546e-04 1.069090830317913619e-05 5.718126965705038699e-07 -3.175892362531990461e-06
1.955436955386489009e-04 -8.910187048180458113e-06 3.954112666034663941e-05 5.180047732472845440e-05 4.589673966311701262e-05 3.607959795478744174e-05 1.990195673894668444e-05 1.685585845976378912e-05 3.187940877129721775e-06 -5.231239040084445951e-06 1.473641070826335392e-04 5.017268666128139675e-05 1.594056964507980766e-05 4.062144426984561920e-05 3.642269721145521372e-05 4.952838528640360208e-05 4.988286116516698937e-05 1.681010962950847757e-05 5.880766603769745177e-06 -6.267689530764035649e-06 6.225587509039663648e-05 6.088785406782292191e-05 1.103660980958225146e-04 1.088118635682802518e-04 7.929713090075392367e-05 4.297644898274111900e-05 2.544311232091570464e-05 7.793589217550433740e-06 8.657393051231039881e-06 -5.529234714251013841e-06 2.447037690493363980e-04 -1.107692173506092678e-04 -2.221165070798896803e-05 7.902024977204491051e-05 9.356581333124966947e-05 4.174330661409414374e-05 1.454295816343902850e-05 1.331444999850923478e-05 1.582418152873845217e-06 -1.029736555596232002e-06 -8.992333571782129380e-04 8.412334771098832183e-04 3.307227078408480378e-04 1.657477417872816347e-04 1.880634083051735308e-04 1.646015307934925519e-04 7.919046085049970816e-05 4.489898747692674870e-05 6.065885854904267339e-06 -8.852092501786164449e-06
2.473030263993649400e-04 8.544700835505041308e-05 5.171968445853996639e-05 4.435429024012546085e-05 2.279504493937698211e-05 5.237752269189040422e-06 6.844880863647029866e-06 2.875403087358808225e-05 4.243683401331305875e-06 -7.108057163774877925e-06 3.008011460319647955e-04 6.180579552833987054e-06 3.604284483089589244e-05 2.788729485643077786e-05 1.568209809485664744e-07 -7.629931143248896815e-06 1.681010962950847757e-05 4.537019273870487315e-05 8.964366766649958055e-06 -1.307972898165194378e-05 5.510567077935526808e-04 4.165136791516532013e-06 8.606398204865092847e-05 5.593196544663496745e-05 4.407279139793041838e-05 1.625892647108665939e-05 6.044122063744702433e-06 2.093318705076911777e-05 5.324745139942261024e-06 -6.535242279566282469e-06 2.093791881940782027e-04 -5.538339375175456463e-05 1.065937499592461608e-05 -6.316899644089018346e-05 -2.530431864352317847e-05 -2.297858471847900427e-05 1.146715791814502740e-05 1.839678136412718659e-05 -1.890992290507447026e-06 -1.297272154306227875e-06 6.187701475134560264e-04 4.526956898708983917e-04 3.116369970968697607e-04 2.285005772093582564e-05 -9.040528780217027853e-05 -6.281487399665125471e-05 4.280527690200454794e-06 4.325972987478537990e-05 1.989515523358547874e-05 -1.565345849447537154e-05
7.822945611557730007e-05 1.191422488896523456e-05 1.923479321760465310e-05 1.713455216256681425e-05 1.375185828539341438e-05 5.214546008247620588e-06 -8.346171119944595023e-07 1.286121360297836307e-06 7.365629517418288184e-08 -2.381188077638966148e-07 6.119454296030862829e-05 3.600307200502688744e-05 2.777606306389246638e-05 2.141337956360263463e-05 1.277517243488866107e-05 7.641434694011834826e-06 5.880766603769745177e-06 8.964366766649958055e-06 8.693098043838940007e-06 -5.702002768564885088e-06 -2.605277752584086182e-05 -3.877001700384616957e-05 1.608941261158128289e-05 -3.878980286044638956e-06 -1.345459943524034863e-05 -1.134782719045360326e-06 1.237922705486405840e-06 4.443300267869520506e-06 -4.694552947571626441e-07 -1.113648365193941343e-06 7.257422493757713670e-05 1.173784568395643773e-05 2.841466283232118461e-05 1.773222243675342299e-05 2.609119211847424417e-05 1.613034359363309150e-05 4.224831853484959408e-06 7.190996152342809343e-06 3.238820219361157578e-07 -9.641070880921447903e-07 -1.175668976361311183e-03 1.347208917758744293e-04 1.886868067294192178e-04 2.576061837366248051e-05 5.767274740113446436e-05 8.880593778044673604e-06 -3.757071157215142425e-06 1.132380257428007327e-05 3.767221411145129318e-06 -3.575089104978277472e-06
-7.662123773129744049e-05 -1.547639259594429530e-05 -1.430995694465935404e-05 -1.062108698812360716e-05 -4.602354306127586268e-06 -1.082696944386018701e-06 -4.531585783481243930e-07 -7.257494738499966009e-06 -4.799134264397529844e-07 1.971007557243637219e-06 -5.096403191639280265e-05 -1.092110844082043150e-05 -2.172354681357672687e-05 -9.654031866171276411e-06 1.919482974481418238e-06 -7.682796132518447795e-07 -6.267689530764035649e-06 -1.307972898165194378e-05 -5.702002768564885088e-06 5.874240467666019423e-06 -1.064338902600030484e-04 3.303404493770076630e-05 -1.912200450821275338e-05 -1.115789865593621390e-05 -4.817715070833252866e-06 -4.282420210771465017e-06 -2.333077465579728030e-06 -6.681404801723213716e-06 -5.834953452060353172e-07 2.022865118652666024e-06 -6.104624557869144742e-06 4.398310292147865390e-05 5.442691349316240873e-06 2.607269272122136148e-05 1.503081835454105206e-05 5.782565205543231248e-06 -2.772476607098660791e-06 -6.838040543070536466e-06 1.923000462393342708e-07 1.059537946066586303e-06 6.946407001977670127e-04 -3.272848997072336881e-04 -1.206704670704045646e-04 1.459024058804455048e-05 3.770416836734951873e-05 2.524871265529016049e-05 6.632474257029939784e-06 -1.458925895919834389e-05 -4.852459782840715490e-06 5.158273633517694450e-06
2.977087122969037519e-03 1.427731563606191457e-03 -2.434666436676330786e-05 4.561366266476043563e-04 1.010192802728138173e-04 -1.858513312364282937e-04 3.931339483463599561e-05 4.557221565687208094e-04 -2.599161498620904459e-05 -6.165367543848967210e-05 3.379706675458469655e-03 -2.799479888165482249e-03 -1.274154892548080527e-04 -1.525619464928415595e-05 -8.461504669002139882e-05 -2.747995666370338938e-04 6.225587509039663648e-05 5.510567077935526808e-04 -2.605277752584086182e-05 -1.064338902600030484e-04 2.702152807461058806e-02 -4.839915994268261770e-04 8.406559251026916564e-04 2.103538129490429079e-03 2.584158086189709477e-03 6.743017376396598372e-04 3.944165965197244712e-05 3.934374252078630136e-04 -1.011773958558701751e-04 1.955719530450132369e-05 -7.507966185104257908e-03 -9.736016430150006657e-04 -3.695699991683393595e-04 -1.037721081297610050e-03 -1.911352986189816122e-04 -5.153906490607799594e-04 3.582583526864619827e-04 2.298770972595635704e-04 6.777572444041189551e-05 -5.819017756490307873e-05 8.791935416762819422e-02 -5.944295645114120591e-04 -1.791369478722389379e-04 -3.607515789297010937e-03 -1.154172359256095705e-04 -1.094314978490560156e-03 -1.302040725284801315e-04 5.852723785977007867e-04 2.308319869333790150e-04 -2.276315003450208707e-04
1.306198443498753732e-03 8.608833386733254992e-04 5.713089191495416067e-04 4.023372134461904170e-04 3.345871259394314775e-04 1.354645113312053937e-04 4.883254875829112318e-05 6.010340041883320599e-05 1.006424112694322839e-05 -1.487812770496185041e-05 -8.973193000605352758e-04 1.773307702342004225e-03 -1.193038515540529183e-04 -2.354331653476909704e-05 -1.359940126030144566e-04 -1.726871660529514542e-04 6.088785406782292191e-05 4.165136791516532013e-06 -3.877001700384616957e-05 3.303404493770076630e-05 -4.839915994268261770e-04 6.482521565238446096e-03 8.616129356641491228e-04 4.129299901224322070e-04 1.248618236187902574e-04 -1.536941729462654453e-04 2.359205635588525294e-04 1.031149102509665500e-04 7.084468900412200056e-05 -4.342898613700228234e-05 2.824749355282255535e-03 1.956367703734297053e-03 6.266177905964456177e-04 7.342220260481813849e-04 5.299654196635511690e-04 3.838621230696288747e-04 1.039817842693907150e-04 -4.368922842276851473e-05 6.376035408204712928e-05 -3.425943324224649277e-05 3.863582424414492220e-03 1.030603975526536015e-02 -3.098280136498612891e-03 6.103790710703718963e-04 1.473261755094564581e-03 -1.668742033741244752e-05 -3.888351641203352418e-05 3.735323851833708634e-04 1.025797306385974294e-04 -8.708933341767734367e-05
8.005430943540904273e-04 3.769299985843584545e-04 4.810175957182721081e-04 3.522417185285174916e-04 2.577610794570349331e-04 1.230978579341587918e-04 3.386768885789002059e-05 4.405067219917287727e-05 1.013687629203097204e-05 -1.715668397548716209e-05 -4.175326488479141722e-04 3.968009898941099825e-04 -8.461754795426038568e-06 6.719046952234478988e-05 4.114268554288114322e-05 2.467202449392965092e-05 1.103660980958225146e-04 8.606398204865092847e-05 1.608941261158128289e-05 -1.912200450821275338e-05 8.406559251026916564e-04 8.616129356641491228e-04 1.418905554461596680e-03 1.029889478327545085e-03 6.093692764985251522e-04 1.903576740918958216e-04 5.481254582399132060e-05 3.051536602456846127e-05 1.387771703382908726e-05 -6.392909460598555232e-06 4.368258010584298925e-03 -4.773078840285530138e-05 9.387576101912052868e-05 2.524979932435778983e-04 2.072470645768026214e-04 1.385040259036308171e-04 1.257211675355213696e-04 7.018395192601428051e-05 -3.155587807788886760e-05 2.423511899242580063e-05 -6.217354775755205322e-03 6.632439710436313467e-03 1.435513848377085403e-03 1.643957877005333516e-03 5.098600272717379285e-04 3.050729586538030239e-04 2.290792839914653877e-04 2.136341055669811360e-04 2.942362144131297611e-05 -3.058424176000710496e-05
2.647765341363142130e-04 9.594330659222365424e-05 2.035028322346232204e-05 1.172597916438684429e-04 9.768484315183370635e-05 5.748484950292393164e-05 3.357298864997535935e-05 4.363928396827552309e-05 -7.509202974368884565e-06 -7.202298764146613590e-06 -3.077886948148810605e-04 -1.394311338412449993e-04 -2.073995840430802940e-04 3.197146780557219575e-05 3.897156587270242536e-05 5.998770508178888675e-05 1.088118635682802518e-04 5.593196544663496745e-05 -3.878980286044638956e-06 -1.115789865593621390e-05 2.103538129490429079e-03 4.129299901224322070e-04 1.029889478327545085e-03 1.372395129452863788e-03 9.325160652617831610e-04 3.641626500021072745e-04 1.484022057969823808e-04 6.432036725819579974e-05 1.473803618868758381e-05 -1.505261489291296505e-05 4.479127552013804740e-03 -7.139332761468745016e-04 -2.985464683864766963e-04 5.381146281927668123e-04 4.533762163844413072e-04 5.014515626602965900e-05 1.058345012347927563e-04 8.333712661372315973e-05 -8.581823375433563688e-07 2.872187079073364525e-06 -3.607326788241765371e-03 9.602805402457548038e-04 5.504296915659092054e-04 1.623155780177055162e-03 5.759869920624269019e-04 4.411713034016122325e-04 1.993944200332588073e-04 1.642749196763491340e-04 3.196083750139229170e-05 -4.273256889558432411e-05
5.542080903692196388e-05 1.797002654292347411e-05 -7.863887259211857180e-05 2.942460949557558993e-05 2.767058245836186384e-05 2.724279638069600218e-05 2.329962290993852316e-05 2.375782496808365608e-05 -2.348734991108741708e-05 5.665762621623388156e-06 -2.275306056499483095e-04 -2.437327572807718125e-04 -2.367581481154530610e-04 -1.777629826251183343e-05 9.150204644871282213e-06 4.694046949476138124e-05 7.929713090075392367e-05 4.407279139793041838e-05 -1.345459943524034863e-05 -4.817715070833252866e-06 2.584158086189709477e-03 1.248618236187902574e-04 6.093692764985251522e-04 9.325160652617831610e-04 8.771899541681512898e-04 3.819621159501899467e-04 1.109975370812722186e-04 1.305215647186364698e-05 -9.516884312771023752e-07 1.230701585446148090e-07 2.522201846512644226e-03 -4.960020691785905350e-04 -5.523814315119474397e-05 1.945729607681743621e-04 1.524467887378692173e-04 -6.831045210454717400e-05 2.326248721049167258e-05 2.234480134931244636e-05 1.378332540027159481e-05 -1.289667694004605563e-07 -1.451117991019153491e-03 -2.050487386654850207e-03 -4.971319183048911617e-04 3.230492388305817794e-04 2.079269599464234183e-04 1.066371890958352518e-04 7.310452382825007370e-05 7.596267657726516235e-05 2.738199206296726499e-05 -3.041467305020263126e-05
3.584675843881784144e-05 -5.489215716610856680e-05 -7.784963061834464574e-05 -4.221388627294389979e-05 -3.017190434135842738e-05 1.091361466426784859e-05 1.700038587124313064e-05 5.093867711266183412e-06 -1.523719131005901492e-05 5.452045932554705599e-06 -8.511075599881269495e-05 -7.379361558833206190e-05 -9.384934881011797148e-05 -2.967523377743966017e-05 -2.495224600165160979e-05 3.164582956233133703e-05 4.297644898274111900e-05 1.625892647108665939e-05 -1.134782719045360326e-06 -4.282420210771465017e-06 6.743017376396598372e-04 -1.536941729462654453e-04 1.903576740918958216e-04 3.641626500021072745e-04 3.819621159501899467e-04 2.625340888350422724e-04 9.054932351046787525e-05 1.179625032390654838e-06 4.597857624488315417e-06 -3.754571763877332347e-06 1.838340335226481279e-03 -2.590264890577839853e-05 1.594521326256134579e-04 1.403927855810195406e-04 3.503601135297060081e-05 -8.095990221154322189e-05 -1.042349125740122190e-05 1.710803074115650030e-05 1.344642033472334664e-05 -3.546208115683669018e-07 -6.503906295135204740e-03 -2.663144762467992491e-03 -2.590829592200314183e-04 1.454286720117729066e-04 -1.449429799876940307e-04 -1.122599226857955527e-05 1.839380611195659307e-05 1.280738099822875255e-05 1.418871845824363297e-05 -9.998365904567263729e-06
9.234250890760129936e-05 1.825674668593002512e-05 -3.476269455012753859e-05 -1.550257142649100967e-05 -5.653447399398071225e-06 8.617388254041918628e-06 9.153049377837783497e-06 1.108329164698142893e-05 -4.525547494707853401e-06 6.786715171674678126e-09 -5.694119029070555190e-05 6.038099881572457455e-05 -3.503438323905664980e-05 -4.472946704497738578e-06 -1.516191922436629507e-05 1.142760011636529193e-05 2.544311232091570464e-05 6.044122063744702433e-06 1.237922705486405840e-06 -2.333077465579728030e-06 3.944165965197244712e-05 2.359205635588525294e-04 5.481254582399132060e-05 1.484022057969823808e-04 1.109975370812722186e-04 9.054932351046787525e-05 7.177733808607599496e-05 2.770059245884185580e-05 9.295922846324431707e-06 -9.931716599205598503e-06 1.068996402073833221e-03 2.635503704052412512e-05 2.042959835212570729e-05 1.002780311899923929e-04 5.470641086465502989e-05 -3.728579554374965733e-06 7.422410440674731243e-06 2.471139301324361707e-05 1.486904602438949576e-05 -8.168835361249524350e-06 -2.928641369714718966e-03 -7.611831157500376132e-04 -3.904927018124334051e-04 1.061338419778735666e-04 -4.528461666219686036e-05 1.373586614544657395e-05 2.865550012410363569e-05 3.457919329506286676e-05 1.215205767118797986e-05 -9.872548577604853791e-06
1.432442366709510385e-04 6.824102307782857436e-05 -2.570926865704046338e-06 9.069641305607577334e-06 5.316835593626033062e-06 -6.709298768866990370e-07 6.224237603789625059e-06 3.376873054049064909e-05 6.374080366289459768e-06 -8.791764374138221361e-06 9.158703999096468452e-05 -1.252280636719941749e-05 -3.726766070614061699e-05 3.111829778588868132e-07 -1.746499482921629352e-05 -5.754458370311454117e-06 7.793589217550433740e-06 2.093318705076911777e-05 4.443300267869520506e-06 -6.681404801723213716e-06 3.934374252078630136e-04 1.031149102509665500e-04 3.051536602456846127e-05 6.432036725819579974e-05 1.305215647186364698e-05 1.179625032390654838e-06 2.770059245884185580e-05 5.954930556353804297e-05 1.047564789934070664e-05 -1.534164401886382623e-05 4.813330021089971345e-04 -2.265580522887681181e-04 -1.854406397684902870e-04 -3.160380109454451647e-05 1.179555548073089420e-05 -1.056001077546826133e-05 1.332831630006813637e-05 3.269121794332258493e-05 7.218708015159621643e-06 -8.096797013115859912e-06 1.155348894302865755e-03 3.447520456052250359e-04 -2.311647128190132995e-04 -1.008433593644367509e-04 -1.153925878577184998e-04 2.279399283123867487e-07 3.018551902642695317e-05 3.261696690092079365e-05 1.446116715055107305e-05 -1.287671971783474096e-05
2.388539505006156456e-05 -7.154717018024453823e-06 -2.901656223629405422e-06 -2.173066659601702844e-06 -1.191849423011446585e-06 2.982026236900606385e-06 3.871633912367024991e-06 9.680280369457275533e-06 4.245048952288339043e-06 -3.478826644978091952e-06 7.142987207679110781e-05 1.224312323240871810e-05 -1.776879168074975833e-05 5.271131057692771017e-06 -7.393075451675560431e-07 5.735554419708853624e-06 8.657393051231039881e-06 5.324745139942261024e-06 -4.694552947571626441e-07 -5.834953452060353172e-07 -1.011773958558701751e-04 7.084468900412200056e-05 1.387771703382908726e-05 1.473803618868758381e-05 -9.516884312771023752e-07 4.597857624488315417e-06 9.295922846324431707e-06 1.047564789934070664e-05 1.074588134938001445e-05 -7.536932350176476383e-06 2.976970227872858176e-04 -1.331223131744375043e-04 -1.008458081992575869e-04 -1.417343414408622699e-05 9.848428304609589481e-07 -1.188201075309774872e-05 -6.111572398226759292e-06 -6.301816474506811787e-07 2.878281580179493087e-07 3.402584413864355551e-07 -6.713445080720448460e-05 7.990188553826748673e-06 7.052972917068441928e-05 4.870549326868429626e-05 -4.566803702145284246e-05 1.210231890403190700e-05 1.440227404544798125e-05 7.451991906615024739e-06 5.616693098077730624e-06 -4.436423152986383118e-06
-2.754797092678670908e-05 -7.351044654703184724e-06 4.467085039781268902e-06 2.096555401403140535e-06 3.036841530625085717e-06 -3.211668924928265974e-07 -2.742324730207564273e-06 -1.025004873206341341e-05 -2.864183860144496980e-06 3.170114966902365603e-06 -5.710581375317918970e-05 -1.228087856322715123e-05 1.554385278547089493e-05 -3.967544811315477155e-06 4.843141622144575663e-06 -6.923508221930248787e-07 -5.529234714251013841e-06 -6.535242279566282469e-06 -1.113648365193941343e-06 2.022865118652666024e-06 1.955719530450132369e-05 -4.342898613700228234e-05 -6.392909460598555232e-06 -1.505261489291296505e-05 1.230701585446148090e-07 -3.754571763877332347e-06 -9.931716599205598503e-06 -1.534164401886382623e-05 -7.536932350176476383e-06 7.203116837651521329e-06 -3.076633661557898907e-04 1.030412881367412782e-04 8.687171156824492128e-05 1.967357312858390462e-05 4.792751940643893935e-06 1.315199897416424426e-05 3.592025803515391788e-06 -5.543876175997613439e-06 -1.583516547360095254e-06 1.750162530031885724e-06 3.403885075872411267e-04 -7.305349308372651189e-05 2.733551271406580812e-06 1.063233712100875421e-06 5.897198839681526194e-05 4.523561855773674383e-06 -4.944084249780092522e-06 -8.147656900119837242e-06 -4.711874115643443453e-06 4.469780878454547792e-06
3.563471805708224444e-03 -2.588682380747278893e-04 -4.572147557318293875e-04 -7.951697202292672335e-05 -2.361505529772496979e-05 1.111072772906885849e-04 3.784076765880868234e-05 6.101309677802785921e-05 -3.223559340575778517e-05 4.130087204238278225e-06 9.544107793751699376e-03 4.984646175453559362e-03 -1.415107354556682925e-03 1.108010328557594120e-04 -5.533844142173705537e-04 -4.476058560439798509e-04 2.447037690493363980e-04 2.093791881940782027e-04 7.257422493757713670e-05 -6.104624557869144742e-06 -7.507966185104257908e-03 2.824749355282255535e-03 4.368258010584298925e-03 4.479127552013804740e-03 2.522201846512644226e-03 1.838340335226481279e-03 1.068996402073833221e-03 4.813330021089971345e-04 2.976970227872858176e-04 -3.076633661557898907e-04 1.230998575025513825e-01 3.135578894816576589e-06 2.733731232430116915e-03 6.264358903340695468e-04 1.326112296367979154e-03 -1.201694262062323127e-03 -3.693795290332832471e-04 9.244502290466049795e-04 2.657467317540196557e-04 -1.380342778972846248e-04 -1.590537032322831279e-01 -2.972183973841700105e-02 7.572534286741543393e-03 1.540608519211432263e-02 -8.773541312473624818e-04 -1.075824764648096541e-03 6.653225059509987999e-05 3.069254296116616138e-04 -4.261269658844963324e-04 3.727068537173723953e-04
