5.378143194823326902e-03 8.648539641975687463e-04 5.650180081426774945e-05 -1.312041715861654416e-04 5.651567350053557809e-05 1.152215154747277085e-04 9.882480237369361111e-05 -6.493149686538758440e-05 -1.230870634782976194e-04 3.186896053989188597e-04 -5.806997954233936057e-05 1.396137532762493395e-04 7.123559269286298728e-05 2.547154552021357676e-05 -1.815916254137807918e-05 -4.054844735570387522e-07 8.588955979554400814e-04 3.336771738380950661e-04 4.889939368125972895e-04 -2.232897392880944429e-04 -1.177624213305742047e-04 -5.524103155573065947e-05 -4.574055667414173211e-05 2.601376035073841222e-05 2.530873087440491803e-03 -2.129967036826116360e-05 1.305348489397585186e-04 -1.774259905911785727e-04 -1.552816790451014045e-04 -1.547912321774216730e-04 4.720777507033681347e-05 5.911679695578926068e-06 -2.949911616513670350e-03 -1.421209496031130496e-04 -9.597189731424141741e-05 2.903961906265855914e-04 3.707636909446760678e-04 3.427003748127752401e-05 -5.330018863654736953e-05 2.005979236990223784e-05
8.648539641975687463e-04 5.497031535854934089e-04 4.309384407335753675e-05 -3.734020447499178017e-05 5.921840681744825156e-06 2.654915602162032573e-05 1.133974249953945002e-05 -1.376407875733329559e-05 -2.016675273826353844e-04 3.433944014148409413e-04 1.364230161203359873e-04 1.877600728852728002e-04 5.389466406194252235e-05 -9.152284004645613191e-06 -2.390552075070383542e-05 1.317026232700892535e-05 5.233929065102995706e-04 2.473656699288167269e-04 8.733559895534048778e-05 -2.045502117235116458e-05 -2.112562833609196332e-05 -2.599698317656758771e-05 3.854489151040352899e-06 3.293503408761964871e-07 4.675145187064607961e-04 6.962937754316879998e-04 1.650239478013207264e-04 -2.851223551962092358e-05 -7.753119073722234908e-05 9.958844740799083610e-06 2.162717218330176714e-05 -1.501552759297692353e-05 -2.239770124394145027e-03 -3.173165036020303528e-04 -1.739350283854375898e-04 3.464103696797419087e-04 1.769860854687276518e-04 3.146527074194708845e-05 -4.141546474990225447e-05 2.338399476656663194e-05
5.650180081426774945e-05 4.309384407335753675e-05 2.826157685286893677e-04 1.235596686403730234e-04 7.293929180940632426e-05 1.517613772776740805e-05 7.367578536970331349e-07 3.965308655778667774e-06 -7.487495967382466224e-05 1.897808460704289565e-04 5.610271303660845527e-05 -7.309315382620285348e-06 -1.205016493292176127e-05 -3.104521485794392132e-05 -1.669107269431866777e-06 3.746081626889053047e-06 -2.637618396071967535e-04 1.958865534950826538e-04 1.748392342106924909e-04 6.984323402539430734e-05 1.544973194354969898e-05 -2.531117842910987839e-05 -2.107864071643936359e-05 1.714292558988837089e-05 8.025928709266973811e-04 2.243099563147782718e-04 1.541914802706825186e-04 -2.573615656259907247e-05 1.392779072673067551e-05 -2.634145604596324145e-05 9.804980889760271109e-06 -1.099856318799578337e-06 2.855191872734659693e-04 -1.227214906191287987e-04 1.135048493792586755e-04 -1.162341644847782094e-06 -2.724334049078994360e-06 -4.730224251149828469e-05 -2.804872271573682124e-05 1.808921137150043746e-05
-1.312041715861654416e-04 -3.734020447499178017e-05 1.235596686403730234e-04 1.731164192811751417e-04 8.031477192169039010e-05 2.330321952370491238e-05 6.754385843533723582e-06 -4.467862598672595922e-06 2.446731922194702782e-07 1.487049751139698671e-04 -1.096275049672010960e-06 -3.501009245870839905e-05 -2.797711747619389649e-05 5.047830146550867094e-06 7.623350804683291723e-06 -6.469761776453415594e-06 2.058502703482035297e-05 -1.341416065623806437e-05 1.258488868391807237e-04 7.131502279464413320e-05 2.182745262210445536e-05 -1.741760444995464705e-05 -1.738821946608350719e-05 1.148998227009227869e-05 2.848438467760269657e-04 7.587179735059412582e-05 3.471508491158698694e-05 1.189509377617840475e-06 3.118566213430083934e-05 -2.285421529069697074e-05 2.645602358627256276e-06 -3.065808121681098837e-06 5.785100608643929145e-04 1.658006167470302012e-04 8.984613874627169427e-05 -4.929708727280734753e-05 -6.236307592213230890e-05 -9.440348204271618911e-06 1.159254200339173620e-05 -9.765931948426998009e-06
5.651567350053557809e-05 5.921840681744825156e-06 7.293929180940632426e-05 8.031477192169039010e-05 6.981370288297502604e-05 3.386569330668325159e-05 9.761833593380976428e-06 -8.505271332886955616e-06 5.740666831404253467e-07 7.024033140556267907e-05 1.182928833694576354e-05 -1.915503772555503267e-05 -5.751087721962259618e-06 1.334158842726299011e-05 9.196599859151344229e-06 -6.253679484544594387e-06 5.958575251082694592e-05 5.652603752007965442e-05 8.732369455672629158e-05 1.330524475159634542e-05 1.085242411034700236e-05 -4.472912857932952088e-06 -9.892720793850534261e-06 3.364558241603939546e-06 1.745585828157501470e-04 1.109658469154537749e-04 4.288895255566751579e-05 -4.010391419617406622e-06 3.397634309539914523e-05 -1.164426970405414642e-05 1.204179410742151701e-05 -6.283194742567059785e-06 2.407267960884123669e-04 -1.112523444735309696e-04 1.111155618682815790e-04 -1.015019594522641682e-05 -6.494100196644328302e-06 -6.447531400671260985e-06 1.702118955934580174e-05 -8.559779547422619684e-06
1.152215154747277085e-04 2.654915602162032573e-05 1.517613772776740805e-05 2.330321952370491238e-05 3.386569330668325159e-05 4.887494167580452620e-05 1.312899324588492831e-05 -1.112838549869544937e-05 -2.267323276174733354e-05 1.454444895007550191e-05 7.016335237992714019e-06 1.750697278883266369e-06 6.594938216225536802e-07 1.686917025336299319e-05 9.147225026385624668e-06 -6.527694350090953795e-06 2.047939162246483044e-04 2.434993101859119096e-05 2.341760608220230862e-05 9.313554019767972833e-06 6.930837571155054264e-06 4.898541820221213096e-06 1.956443420973357727e-06 -2.687877945591490375e-06 -1.292549198647283296e-05 -1.624852618671715767e-05 1.322468627911261523e-05 -9.801341823042606882e-06 2.169279003935154412e-05 1.567775938541093338e-05 1.596298636060971968e-05 -9.875655459739522075e-06 4.603144328862539942e-04 -1.850335992408877342e-04 4.539121161525108548e-05 -1.734157943105217611e-05 9.210791286777704061e-06 5.219144074243978665e-06 1.159570385741598689e-05 -7.013866360900724496e-06
9.882480237369361111e-05 1.133974249953945002e-05 7.367578536970331349e-07 6.754385843533723582e-06 9.761833593380976428e-06 1.312899324588492831e-05 8.127707621524041210e-06 -4.848570788393317167e-06 1.770183314930649161e-05 -6.786475102232462950e-06 4.201511355584755262e-06 8.062327205395951676e-06 6.935229043069477566e-06 5.359083138794626698e-06 4.645235696864257265e-06 -3.237613028921775522e-06 7.790663923789965611e-05 1.006562528046399707e-05 3.651392823117789465e-06 -5.031853247735644272e-06 -3.336837673165461259e-06 9.175590436946057566e-07 1.815236142526134967e-06 -1.002436681666048581e-06 -4.105462741935464207e-06 -7.238661492166674895e-05 6.594090567666860867e-06 -6.995188531552263329e-06 2.870611575204313502e-06 -3.281131056047774265e-07 7.266778481964156223e-06 -2.134432613308563817e-06 6.415563422102805611e-05 -1.534646311403645394e-05 -1.028780912145829855e-05 -3.144618471622343180e-06 8.314725485168566546e-06 -1.214942621733946350e-06 5.980902576492596049e-06 -2.964543279248536545e-06
-6.493149686538758440e-05 -1.376407875733329559e-05 3.965308655778667774e-06 -4.467862598672595922e-06 -8.505271332886955616e-06 -1.112838549869544937e-05 -4.848570788393317167e-06 4.275039392145101299e-06 1.367603790115561707e-05 2.980732475848756092e-06 1.835342781128371071e-07 -3.308122435020674272e-06 -1.897984891540034551e-06 -4.145332036613676743e-06 -2.591017113191458648e-06 1.952953420258910648e-06 -6.241625221517683748e-05 -5.481897005819895726e-06 4.556289133266814819e-07 4.907584820522426864e-06 9.926394165487429619e-07 -7.931719927396950538e-07 -1.034307628613903778e-06 1.114383176021440135e-06 3.804294685628128032e-05 1.249318121898821082e-05 -3.325495324467353127e-06 -2.082963020103146916e-06 -4.759077162875770073e-06 -1.585065416131182732e-06 -3.866460217782087709e-06 1.998436590043688436e-06 -5.981911058867500169e-05 2.871566250077601528e-05 3.528947879888395194e-06 1.629863005279889762e-06 -6.045125125989397506e-06 -5.491297567490312446e-07 -4.932031296777938335e-06 2.820994481797143937e-06
-1.230870634782976194e-04 -2.016675273826353844e-04 -7.487495967382466224e-05 2.446731922194702782e-07 5.740666831404253467e-07 -2.267323276174733354e-05 1.770183314930649161e-05 1.367603790115561707e-05 5.597377441215671372e-03 5.912149989013656569e-04 2.024558469272565013e-04 2.438190187032437787e-04 1.579950028158068809e-04 1.410464338611999550e-04 7.668880652213703444e-05 -3.832018604730652025e-05 2.258712367236349362e-03 1.547024533009913475e-03 3.862063614937036727e-04 1.526087452080323399e-04 1.060672148076952174e-04 2.715748559634902581e-04 3.065613510238770470e-05 -4.032549778533047700e-05 2.780261006519553577e-03 -1.917210692566981170e-04 3.266973959768487560e-05 -1.951808939831000159e-04 7.193580844613414239e-05 -2.166027072257213968e-05 1.966566609600111244e-05 3.387793917494570688e-05 -3.236434805275075193e-03 1.312569082908873102e-03 -4.153921993245650421e-04 -6.208371324254117335e-04 -1.847198395263414483e-04 -3.012070771345162336e-05 2.197613818611246627e-05 -1.032419665683499652e-05
3.186896053989188597e-04 3.433944014148409413e-04 1.897808460704289565e-04 1.487049751139698671e-04 7.024033140556267907e-05 1.454444895007550191e-05 -6.786475102232462950e-06 2.980732475848756092e-06 5.912149989013656569e-04 1.102986517070133699e-03 3.144031296565618185e-05 -6.881515418195449375e-06 -8.148228736933380402e-05 -3.135898661451649855e-05 -2.353327817948860608e-05 7.354013959747024343e-06 3.760276296091448998e-04 4.646677532914650550e-04 3.152076978387846075e-04 1.560489089491495297e-04 3.576392437110365090e-05 -6.236238196048457321e-05 -5.359561992451251217e-05 3.862841518579607935e-05 4.778622874000395984e-04 7.638154530100954099e-04 1.205688806002756298e-04 -1.149752111058950562e-04 -4.000445486557838170e-05 -3.483231851928827935e-07 -8.222622355217728700e-06 4.959185976132087847e-06 -5.854529848427699216e-04 9.601794458307701119e-04 1.656387019082181415e-04 -3.519346909456256132e-06 -6.581480742525670411e-05 3.191368741800325494e-05 -2.418293120422657905e-05 1.222719692790099231e-06
-5.806997954233936057e-05 1.364230161203359873e-04 5.610271303660845527e-05 -1.096275049672010960e-06 1.182928833694576354e-05 7.016335237992714019e-06 4.201511355584755262e-06 1.835342781128371071e-07 2.024558469272565013e-04 3.144031296565618185e-05 2.584271466305082835e-04 1.133457901939224276e-04 8.085713677515336600e-05 1.888477164314259944e-05 1.608498234280049616e-07 7.430897352714222156e-08 1.267318193138699395e-04 1.783971662234935265e-04 6.418282565560022134e-05 3.555331113432680872e-05 4.912781084694173349e-05 3.717882052495156785e-05 1.916520722616437994e-05 -8.718124337969984113e-06 1.924866754817242251e-04 2.196317724921283143e-04 3.095836067067022051e-05 -1.073560156382514395e-05 -1.424972488722938868e-06 1.513718452996914946e-05 2.104878575514375680e-05 -1.206557562899069507e-05 -6.353555504156575958e-04 -1.673828269506638612e-04 5.365337299030907212e-05 1.535617100910308184e-04 1.389603379761849731e-04 2.338910975658821319e-05 7.742814717981278913e-06 3.140779858982015752e-06
1.396137532762493395e-04 1.877600728852728002e-04 -7.309315382620285348e-06 -3.501009245870839905e-05 -1.915503772555503267e-05 1.750697278883266369e-06 8.062327205395951676e-06 -3.308122435020674272e-06 2.438190187032437787e-04 -6.881515418195449375e-06 1.133457901939224276e-04 1.827674749093498763e-04 8.191719525954844756e-05 2.255268654432534406e-05 7.631321484629163899e-06 -3.285557144871828047e-06 5.887876123603081983e-04 1.760330210246474365e-04 -2.623506717907459165e-05 -1.583483095643713047e-05 -1.432492265471923693e-05 1.494450620531186586e-05 2.510661466073919689e-05 -1.430602989774818700e-05 2.194662713211169975e-04 1.421858972238718535e-04 9.050282202954489249e-05 -6.734774015295882750e-06 -2.134322137523144517e-05 1.778389879912120500e-05 8.240263377982398274e-06 -2.999753481521694559e-06 -1.090442485738565099e-03 -3.878406969338527781e-04 -1.879143143578232910e-04 1.812137008739755570e-04 1.051330147397403506e-04 2.730206845201320630e-05 -1.141498961569826611e-05 1.183887423096115980e-05
7.123559269286298728e-05 5.389466406194252235e-05 -1.205016493292176127e-05 -2.797711747619389649e-05 -5.751087721962259618e-06 6.594938216225536802e-07 6.935229043069477566e-06 -1.897984891540034551e-06 1.579950028158068809e-04 -8.148228736933380402e-05 8.085713677515336600e-05 8.191719525954844756e-05 8.307459673732972734e-05 3.692058986451737774e-05 1.491472735711906206e-05 -9.434162943509957208e-06 3.274081606310682408e-04 3.508042788186510803e-05 -9.193364646096162394e-07 -5.729630093504711313e-06 9.821557549827282017e-06 2.563494409853715321e-05 2.154522522603098596e-05 -1.078436447903606416e-05 3.470970888069980923e-04 5.776109712252014801e-05 2.281764167189774729e-05 -1.097927043147374643e-05 4.202134601894660355e-06 1.105207500638467556e-05 1.369851028973643899e-05 -5.914073916066647604e-06 -1.138270393564729617e-04 -6.208749542340552356e-05 -1.029314158749881850e-05 4.246562341333484457e-05 7.378530921767784286e-05 1.214792049847839045e-05 1.108922017809808281e-05 -2.858065922207503643e-06
2.547154552021357676e-05 -9.152284004645613191e-06 -3.104521485794392132e-05 5.047830146550867094e-06 1.334158842726299011e-05 1.686917025336299319e-05 5.359083138794626698e-06 -4.145332036613676743e-06 1.410464338611999550e-04 -3.135898661451649855e-05 1.888477164314259944e-05 2.255268654432534406e-05 3.692058986451737774e-05 5.082852372296429696e-05 1.474525455834894687e-05 -1.139909492112678934e-05 3.816935129101016585e-04 -2.322606279540698080e-05 6.528073549936600639e-06 -1.771316924844628082e-06 8.839128964928994641e-06 1.851121395369902242e-05 7.212985881210911354e-06 -4.874806612713661845e-06 1.226991982078459546e-04 1.075940110898611836e-05 -1.243400218535719598e-05 -1.089864417897707717e-05 1.730402279103485967e-05 1.622067997304793070e-05 4.685806400976225396e-06 -4.787856624910275526e-06 3.440579397748530868e-04 -1.237073340120139835e-04 7.142525090963175026e-05 -2.262013012664080655e-05 7.297079546793226985e-06 1.979755807865341959e-05 1.834875840158513180e-05 -8.811978427503931521e-06
-1.815916254137807918e-05 -2.390552075070383542e-05 -1.669107269431866777e-06 7.623350804683291723e-06 9.196599859151344229e-06 9.147225026385624668e-06 4.645235696864257265e-06 -2.591017113191458648e-06 7.668880652213703444e-05 -2.353327817948860608e-05 1.608498234280049616e-07 7.631321484629163899e-06 1.491472735711906206e-05 1.474525455834894687e-05 1.119089603143782834e-05 -6.152409358319154411e-06 1.152445698854832689e-04 -5.539378879912638189e-07 5.546026187784465956e-07 3.885875118706788098e-06 7.757443930069939035e-06 6.060302098925112455e-06 5.282614205215690806e-06 -2.690563075654835359e-06 3.273566534560339811e-05 -5.421732634161858378e-05 -6.539435885210883318e-06 -1.118964570040636888e-05 1.169071066906838117e-05 5.242964854674739051e-06 4.638546837813059411e-06 -1.869185921401386147e-06 2.394682569140666590e-04 1.614023069749947366e-06 3.878814315447033553e-05 -3.235150037954026130e-05 2.143238329725529982e-06 5.273625873766667036e-07 1.124148446949549072e-05 -4.564050854299424324e-06
-4.054844735570387522e-07 1.317026232700892535e-05 3.746081626889053047e-06 -6.469761776453415594e-06 -6.253679484544594387e-06 -6.527694350090953795e-06 -3.237613028921775522e-06 1.952953420258910648e-06 -3.832018604730652025e-05 7.354013959747024343e-06 7.430897352714222156e-08 -3.285557144871828047e-06 -9.434162943509957208e-06 -1.139909492112678934e-05 -6.152409358319154411e-06 4.743285677807844544e-06 -8.649389337094423830e-05 2.825878872774931737e-06 1.707740491579047603e-06 -1.000962876982537084e-06 -3.127875060043856085e-07 -2.288366399921723211e-06 -2.358136396211282013e-06 1.282493851575988583e-06 2.908253838820793360e-06 3.283240441395768501e-05 1.028247511548529383e-05 5.468322662846432461e-06 -6.077849958085656020e-06 -1.764686299866510446e-06 -2.231264298114654390e-06 7.852698056677803119e-07 -2.458521153902891920e-04 -3.311374004377600833e-06 -2.063824994436719634e-05 2.274352868698192813e-05 9.144432384686715033e-07 -3.107484177816314862e-06 -7.688641190474158966e-06 4.667486582901724617e-06
8.588955979554400814e-04 5.233929065102995706e-04 -2.637618396071967535e-04 2.058502703482035297e-05 5.958575251082694592e-05 2.047939162246483044e-04 7.790663923789965611e-05 -6.241625221517683748e-05 2.258712367236349362e-03 3.760276296091448998e-04 1.267318193138699395e-04 5.887876123603081983e-04 3.274081606310682408e-04 3.816935129101016585e-04 1.152445698854832689e-04 -8.649389337094423830e-05 6.929131854431621641e-03 6.633356501745783784e-04 5.881823690652630754e-06 2.173422553784928283e-04 1.342754316335357959e-04 1.845121523779419002e-04 1.317754105894530803e-04 -9.311372950205181191e-05 2.516946724209834403e-03 5.912289057745242441e-04 5.573410685220470204e-04 1.238443984602530896e-04 4.014708673855203053e-04 3.544823430746136248e-04 4.779341895066705371e-05 -4.361136821176416574e-05 -4.942659155166324739e-04 -5.458545249728508032e-04 -1.031449470791231775e-03 1.681696924725739809e-05 6.593987042554124822e-05 2.263474801211165629e-04 1.513594048435780665e-04 -7.418335801617988482e-05
3.336771738380950661e-04 2.473656699288167269e-04 1.958865534950826538e-04 -1.341416065623806437e-05 5.652603752007965442e-05 2.434993101859119096e-05 1.006562528046399707e-05 -5.481897005819895726e-06 1.547024533009913475e-03 4.646677532914650550e-04 1.783971662234935265e-04 1.760330210246474365e-04 3.508042788186510803e-05 -2.322606279540698080e-05 -5.539378879912638189e-07 2.825878872774931737e-06 6.633356501745783784e-04 1.261171966155645021e-03 1.733309936997976539e-04 2.124114269636547067e-06 -3.818074191845346164e-05 6.329667869846617430e-07 -2.560337162694965410e-05 -3.271221773112678899e-06 5.962503449100333601e-04 6.266177268933766477e-04 3.969801335482262537e-04 -7.464967321721122215e-05 -2.819512713408995067e-06 -4.068854176276683738e-05 3.417793465304788742e-06 1.746853778950189866e-05 -1.563261353823373195e-03 -2.687649035662475973e-04 -3.330731448214948307e-04 1.171719437622939074e-04 2.406345700661814281e-05 -5.463243504327259376e-05 -3.188567489870830051e-05 2.391527571374538715e-05
4.889939368125972895e-04 8.733559895534048778e-05 1.748392342106924909e-04 1.258488868391807237e-04 8.732369455672629158e-05 2.341760608220230862e-05 3.651392823117789465e-06 4.556289133266814819e-07 3.862063614937036727e-04 3.152076978387846075e-04 6.418282565560022134e-05 -2.623506717907459165e-05 -9.193364646096162394e-07 6.528073549936600639e-06 5.546026187784465956e-07 1.707740491579047603e-06 5.881823690652630754e-06 1.733309936997976539e-04 4.172205777496415242e-04 1.160860679789711388e-04 7.016322967473680183e-05 1.614947103572531790e-05 -2.859979017394230467e-05 1.312473689309337246e-05 1.292952533059309791e-03 3.765222415078394000e-04 2.094567195568597699e-04 4.850077423458574468e-05 6.279359777453887329e-05 -1.859962692921504000e-05 1.851998337050985216e-05 -4.480457116675277112e-06 -8.619365482856527691e-04 5.123610294237211866e-04 3.923717505898654634e-04 2.894302835372003090e-06 4.242767604586025744e-06 8.438315352837760431e-06 -3.826671955750577227e-06 -2.772191845297324518e-06
-2.232897392880944429e-04 -2.045502117235116458e-05 6.984323402539430734e-05 7.131502279464413320e-05 1.330524475159634542e-05 9.313554019767972833e-06 -5.031853247735644272e-06 4.907584820522426864e-06 1.526087452080323399e-04 1.560489089491495297e-04 3.555331113432680872e-05 -1.583483095643713047e-05 -5.729630093504711313e-06 -1.771316924844628082e-06 3.885875118706788098e-06 -1.000962876982537084e-06 2.173422553784928283e-04 2.124114269636547067e-06 1.160860679789711388e-04 1.496009531152829098e-04 9.777297038493530038e-05 3.153213627693377750e-05 7.923012124796972169e-06 -3.233755778548763587e-06 6.098688207763155750e-04 1.098071198587826085e-04 3.646057229048836151e-05 3.923043782304087206e-05 7.312681173796318720e-05 5.212813704768168120e-05 1.449630982253471313e-05 -1.272547368459352552e-05 3.536096876417657488e-04 4.938639826113816770e-04 2.750131601480028211e-05 -6.331344763511512728e-05 -1.235500715320927842e-05 2.198512854367852643e-05 1.781418721105253037e-05 -1.508325890983424359e-05
-1.177624213305742047e-04 -2.112562833609196332e-05 1.544973194354969898e-05 2.182745262210445536e-05 1.085242411034700236e-05 6.930837571155054264e-06 -3.336837673165461259e-06 9.926394165487429619e-07 1.060672148076952174e-04 3.576392437110365090e-05 4.912781084694173349e-05 -1.432492265471923693e-05 9.821557549827282017e-06 8.839128964928994641e-06 7.757443930069939035e-06 -3.127875060043856085e-07 1.342754316335357959e-04 -3.818074191845346164e-05 7.016322967473680183e-05 9.777297038493530038e-05 1.133448048750644561e-04 5.487257314478040745e-05 1.591087905922879540e-05 -1.005160228924393255e-05 5.953216673308898759e-04 1.113846242390656742e-04 -2.599632468639678708e-05 2.531453040506652567e-05 7.499198442185031155e-05 5.286072232391040036e-05 2.037746530237779941e-05 -1.755134867662717449e-05 -1.289206139135781553e-04 2.546045073666640532e-04 4.627144995361512288e-05 -4.491219308588897914e-05 4.127984762522889220e-05 1.938437339685016180e-05 3.378281390429101254e-05 -1.663228455920850857e-05
-5.524103155573065947e-05 -2.599698317656758771e-05 -2.531117842910987839e-05 -1.741760444995464705e-05 -4.472912857932952088e-06 4.898541820221213096e-06 9.175590436946057566e-07 -7.931719927396950538e-07 2.715748559634902581e-04 -6.236238196048457321e-05 3.717882052495156785e-05 1.494450620531186586e-05 2.563494409853715321e-05 1.851121395369902242e-05 6.060302098925112455e-06 -2.288366399921723211e-06 1.845121523779419002e-04 6.329667869846617430e-07 1.614947103572531790e-05 3.153213627693377750e-05 5.487257314478040745e-05 6.454211320556835262e-05 1.783614366977219178e-05 -1.371564741432105160e-05 4.075386927718463860e-04 -8.804896697211701015e-06 -2.157686391108921977e-05 4.715737499339080701e-05 5.107443712975503374e-05 3.689840356672713313e-05 1.822218691596270786e-05 -1.101486533363596559e-05 -2.797837475042780136e-04 -6.861399980198032489e-06 -5.357253054113098739e-05 -3.345920108213102084e-05 3.630884669866153291e-05 1.827332412550413556e-05 1.867225341619047096e-05 -1.154497313828518770e-05
-4.574055667414173211e-05 3.854489151040352899e-06 -2.107864071643936359e-05 -1.738821946608350719e-05 -9.892720793850534261e-06 1.956443420973357727e-06 1.815236142526134967e-06 -1.034307628613903778e-06 3.065613510238770470e-05 -5.359561992451251217e-05 1.916520722616437994e-05 2.510661466073919689e-05 2.154522522603098596e-05 7.212985881210911354e-06 5.282614205215690806e-06 -2.358136396211282013e-06 1.317754105894530803e-04 -2.560337162694965410e-05 -2.859979017394230467e-05 7.923012124796972169e-06 1.591087905922879540e-05 1.783614366977219178e-05 1.413482697880289490e-05 -7.558918721253017422e-06 5.809142972405172898e-05 -2.923181630449476896e-05 -1.832190521329446850e-05 1.011380131081846119e-05 1.413829728365454916e-05 1.803732978422017575e-05 6.849886823533837014e-06 -4.498099102235288490e-06 -2.512283202833790767e-05 -1.024879230529315171e-05 -4.456280303149341801e-05 -1.816614407873031946e-06 2.648730920117227071e-05 8.028518226341747432e-06 8.078398567096316976e-06 -3.613289120062927046e-06
2.601376035073841222e-05 3.293503408761964871e-07 1.714292558988837089e-05 1.148998227009227869e-05 3.364558241603939546e-06 -2.687877945591490375e-06 -1.002436681666048581e-06 1.114383176021440135e-06 -4.032549778533047700e-05 3.862841518579607935e-05 -8.718124337969984113e-06 -1.430602989774818700e-05 -1.078436447903606416e-05 -4.874806612713661845e-06 -2.690563075654835359e-06 1.282493851575988583e-06 -9.311372950205181191e-05 -3.271221773112678899e-06 1.312473689309337246e-05 -3.233755778548763587e-06 -1.005160228924393255e-05 -1.371564741432105160e-05 -7.558918721253017422e-06 5.914323501475289540e-06 -5.402363872220583687e-05 2.541540653093705262e-06 1.866621045844273791e-06 -1.425859685704226957e-05 -1.508654103746469497e-05 -1.115939015888652450e-05 -4.798927450712271871e-06 3.049100553859440233e-06 9.036627324471011079e-05 3.919963213320874226e-05 3.752684559273213949e-05 -2.667157569924325747e-06 -1.387714497896725146e-05 -5.339776726880250783e-06 -6.773599131842375281e-06 3.712606812694681339e-06
2.530873087440491803e-03 4.675145187064607961e-04 8.025928709266973811e-04 2.848438467760269657e-04 1.745585828157501470e-04 -1.292549198647283296e-05 -4.105462741935464207e-06 3.804294685628128032e-05 2.780261006519553577e-03 4.778622874000395984e-04 1.924866754817242251e-04 2.194662713211169975e-04 3.470970888069980923e-04 1.226991982078459546e-04 3.273566534560339811e-05 2.908253838820793360e-06 2.516946724209834403e-03 5.962503449100333601e-04 1.292952533059309791e-03 6.098688207763155750e-04 5.953216673308898759e-04 4.075386927718463860e-04 5.809142972405172898e-05 -5.402363872220583687e-05 1.560317459539605628e-02 2.152307918646711657e-03 3.721035752173140320e-04 -3.480969010247408164e-04 3.818739862071593070e-04 1.718936340553523529e-05 1.874517258495429783e-04 -9.807552548050127396e-05 -8.924640952467317867e-03 3.149263036502671889e-04 -7.679823708282776515e-04 -6.072063163578081142e-04 1.717201833149922981e-04 -2.652884515770520361e-04 -1.076591308344470060e-05 2.025993198877605771e-05
-2.129967036826116360e-05 6.962937754316879998e-04 2.243099563147782718e-04 7.587179735059412582e-05 1.109658469154537749e-04 -1.624852618671715767e-05 -7.238661492166674895e-05 1.249318121898821082e-05 -1.917210692566981170e-04 7.638154530100954099e-04 2.196317724921283143e-04 1.421858972238718535e-04 5.776109712252014801e-05 1.075940110898611836e-05 -5.421732634161858378e-05 3.283240441395768501e-05 5.912289057745242441e-04 6.266177268933766477e-04 3.765222415078394000e-04 1.098071198587826085e-04 1.113846242390656742e-04 -8.804896697211701015e-06 -2.923181630449476896e-05 2.541540653093705262e-06 2.152307918646711657e-03 3.207884637305722774e-03 3.881828749509714746e-04 8.592591678157535291e-05 4.693397272027346209e-05 7.462676933597355379e-06 -3.630567477751713208e-05 -2.230447496874455668e-05 -2.662782685816961637e-03 -4.248185321534777886e-04 9.706911620130533437e-05 5.035165535647013156e-04 1.751699300587346200e-04 5.815152752389950798e-05 -5.502811853114448310e-05 2.557984720187031353e-05
1.305348489397585186e-04 1.650239478013207264e-04 1.541914802706825186e-04 3.471508491158698694e-05 4.288895255566751579e-05 1.322468627911261523e-05 6.594090567666860867e-06 -3.325495324467353127e-06 3.266973959768487560e-05 1.205688806002756298e-04 3.095836067067022051e-05 9.050282202954489249e-05 2.281764167189774729e-05 -1.243400218535719598e-05 -6.539435885210883318e-06 1.028247511548529383e-05 5.573410685220470204e-04 3.969801335482262537e-04 2.094567195568597699e-04 3.646057229048836151e-05 -2.599632468639678708e-05 -2.157686391108921977e-05 -1.832190521329446850e-05 1.866621045844273791e-06 3.721035752173140320e-04 3.881828749509714746e-04 6.369553446817723032e-04 1.970624482064699766e-04 9.423159377027701881e-05 4.006854067127056857e-05 7.669179309269088388e-06 3.248741591639258849e-06 -1.275734632188540605e-03 -2.057974680995430835e-05 -7.755667740127083316e-05 2.966527113853497212e-04 2.015973600928829862e-06 -7.868738104571043025e-07 -2.936756042443271976e-05 2.098882168949813660e-05
-1.774259905911785727e-04 -2.851223551962092358e-05 -2.573615656259907247e-05 1.189509377617840475e-06 -4.010391419617406622e-06 -9.801341823042606882e-06 -6.995188531552263329e-06 -2.082963020103146916e-06 -1.951808939831000159e-04 -1.149752111058950562e-04 -1.073560156382514395e-05 -6.734774015295882750e-06 -1.097927043147374643e-05 -1.089864417897707717e-05 -1.118964570040636888e-05 5.468322662846432461e-06 1.238443984602530896e-04 -7.464967321721122215e-05 4.850077423458574468e-05 3.923043782304087206e-05 2.531453040506652567e-05 4.715737499339080701e-05 1.011380131081846119e-05 -1.425859685704226957e-05 -3.480969010247408164e-04 8.592591678157535291e-05 1.970624482064699766e-04 3.103379442572678018e-04 1.263375655597180831e-04 6.165471582237235426e-05 6.110829360104432804e-07 -1.944284037706445142e-06 -1.428124649579180338e-04 2.097366116008648953e-04 -3.737870573812837160e-05 9.409364651109862563e-05 1.722309973063695097e-05 6.143108491815502917e-05 1.240319740758579498e-05 -2.033175229171098054e-05
-1.552816790451014045e-04 -7.753119073722234908e-05 1.392779072673067551e-05 3.118566213430083934e-05 3.397634309539914523e-05 2.169279003935154412e-05 2.870611575204313502e-06 -4.759077162875770073e-06 7.193580844613414239e-05 -4.000445486557838170e-05 -1.424972488722938868e-06 -2.134322137523144517e-05 4.202134601894660355e-06 1.730402279103485967e-05 1.169071066906838117e-05 -6.077849958085656020e-06 4.014708673855203053e-04 -2.819512713408995067e-06 6.279359777453887329e-05 7.312681173796318720e-05 7.499198442185031155e-05 5.107443712975503374e-05 1.413829728365454916e-05 -1.508654103746469497e-05 3.818739862071593070e-04 4.693397272027346209e-05 9.423159377027701881e-05 1.263375655597180831e-04 1.404774810308725139e-04 6.033627099818926140e-05 1.647623464449842108e-05 -1.140188005901425792e-05 2.079302324445418822e-04 1.187976153821090073e-04 -6.413535595470359233e-06 -5.003445280843774073e-05 2.296958185911552747e-06 2.540642275131734133e-05 4.384718831060341381e-05 -2.596099521733764685e-05
-1.547912321774216730e-04 9.958844740799083610e-06 -2.634145604596324145e-05 -2.285421529069697074e-05 -1.164426970405414642e-05 1.567775938541093338e-05 -3.281131056047774265e-07 -1.585065416131182732e-06 -2.166027072257213968e-05 -3.483231851928827935e-07 1.513718452996914946e-05 1.778389879912120500e-05 1.105207500638467556e-05 1.622067997304793070e-05 5.242964854674739051e-06 -1.764686299866510446e-06 3.544823430746136248e-04 -4.068854176276683738e-05 -1.859962692921504000e-05 5.212813704768168120e-05 5.286072232391040036e-05 3.689840356672713313e-05 1.803732978422017575e-05 -1.115939015888652450e-05 1.718936340553523529e-05 7.462676933597355379e-06 4.006854067127056857e-05 6.165471582237235426e-05 6.033627099818926140e-05 7.280493966231591017e-05 1.484642463082424145e-05 -1.336959669774368567e-05 1.477024168540998661e-04 -2.248259625885307513e-06 -3.485438958178691709e-05 1.890312833576590867e-05 2.894177156306568561e-05 3.703768357581092364e-05 1.938476302281434785e-05 -1.092797714805550261e-05
4.720777507033681347e-05 2.162717218330176714e-05 9.804980889760271109e-06 2.645602358627256276e-06 1.204179410742151701e-05 1.596298636060971968e-05 7.266778481964156223e-06 -3.866460217782087709e-06 1.966566609600111244e-05 -8.222622355217728700e-06 2.104878575514375680e-05 8.240263377982398274e-06 1.369851028973643899e-05 4.685806400976225396e-06 4.638546837813059411e-06 -2.231264298114654390e-06 4.779341895066705371e-05 3.417793465304788742e-06 1.851998337050985216e-05 1.449630982253471313e-05 2.037746530237779941e-05 1.822218691596270786e-05 6.849886823533837014e-06 -4.798927450712271871e-06 1.874517258495429783e-04 -3.630567477751713208e-05 7.669179309269088388e-06 6.110829360104432804e-07 1.647623464449842108e-05 1.484642463082424145e-05 2.014090988830077549e-05 -9.893465709483265577e-06 -9.500519669164826870e-05 -2.763558018296285586e-05 -1.146508753624342227e-05 7.544641447861781320e-06 2.808601454534953221e-05 2.374558170823767263e-06 1.095983161923153996e-05 -6.221223120356853975e-06
5.911679695578926068e-06 -1.501552759297692353e-05 -1.099856318799578337e-06 -3.065808121681098837e-06 -6.283194742567059785e-06 -9.875655459739522075e-06 -2.134432613308563817e-06 1.998436590043688436e-06 3.387793917494570688e-05 4.959185976132087847e-06 -1.206557562899069507e-05 -2.999753481521694559e-06 -5.914073916066647604e-06 -4.787856624910275526e-06 -1.869185921401386147e-06 7.852698056677803119e-07 -4.361136821176416574e-05 1.746853778950189866e-05 -4.480457116675277112e-06 -1.272547368459352552e-05 -1.755134867662717449e-05 -1.101486533363596559e-05 -4.498099102235288490e-06 3.049100553859440233e-06 -9.807552548050127396e-05 -2.230447496874455668e-05 3.248741591639258849e-06 -1.944284037706445142e-06 -1.140188005901425792e-05 -1.336959669774368567e-05 -9.893465709483265577e-06 7.015417683057528441e-06 4.080598881046487725e-06 3.981980478428204153e-05 4.431162103963941587e-06 -9.985376592227752696e-06 -1.709051568878725978e-05 -5.285229889097751123e-06 -7.082379505343486080e-06 3.919081302427180344e-06
-2.949911616513670350e-03 -2.239770124394145027e-03 2.855191872734659693e-04 5.785100608643929145e-04 2.407267960884123669e-04 4.603144328862539942e-04 6.415563422102805611e-05 -5.981911058867500169e-05 -3.236434805275075193e-03 -5.854529848427699216e-04 -6.353555504156575958e-04 -1.090442485738565099e-03 -1.138270393564729617e-04 3.440579397748530868e-04 2.394682569140666590e-04 -2.458521153902891920e-04 -4.942659155166324739e-04 -1.563261353823373195e-03 -8.619365482856527691e-04 3.536096876417657488e-04 -1.289206139135781553e-04 -2.797837475042780136e-04 -2.512283202833790767e-05 9.036627324471011079e-05 -8.924640952467317867e-03 -2.662782685816961637e-03 -1.275734632188540605e-03 -1.428124649579180338e-04 2.079302324445418822e-04 1.477024168540998661e-04 -9.500519669164826870e-05 4.080598881046487725e-06 4.077509799453677558e-02 2.097486218238830621e-03 2.099063453425827237e-03 -1.960939223562083861e-03 -6.290447336484125728e-04 2.788412701197815185e-04 3.041504911892260591e-04 -2.932663125425703093e-04
-1.421209496031130496e-04 -3.173165036020303528e-04 -1.227214906191287987e-04 1.658006167470302012e-04 -1.112523444735309696e-04 -1.850335992408877342e-04 -1.534646311403645394e-05 2.871566250077601528e-05 1.312569082908873102e-03 9.601794458307701119e-04 -1.673828269506638612e-04 -3.878406969338527781e-04 -6.208749542340552356e-05 -1.237073340120139835e-04 1.614023069749947366e-06 -3.311374004377600833e-06 -5.458545249728508032e-04 -2.687649035662475973e-04 5.123610294237211866e-04 4.938639826113816770e-04 2.546045073666640532e-04 -6.861399980198032489e-06 -1.024879230529315171e-05 3.919963213320874226e-05 3.149263036502671889e-04 -4.248185321534777886e-04 -2.057974680995430835e-05 2.097366116008648953e-04 1.187976153821090073e-04 -2.248259625885307513e-06 -2.763558018296285586e-05 3.981980478428204153e-05 2.097486218238830621e-03 7.125683321884605619e-03 3.640472273606875611e-04 -7.490560055263230030e-04 -2.855777225267237471e-04 1.827994986312384747e-05 8.910253870404674528e-05 -9.912513050646267582e-05
-9.597189731424141741e-05 -1.739350283854375898e-04 1.135048493792586755e-04 8.984613874627169427e-05 1.111155618682815790e-04 4.539121161525108548e-05 -1.028780912145829855e-05 3.528947879888395194e-06 -4.153921993245650421e-04 1.656387019082181415e-04 5.365337299030907212e-05 -1.879143143578232910e-04 -1.029314158749881850e-05 7.142525090963175026e-05 3.878814315447033553e-05 -2.063824994436719634e-05 -1.031449470791231775e-03 -3.330731448214948307e-04 3.923717505898654634e-04 2.750131601480028211e-05 4.627144995361512288e-05 -5.357253054113098739e-05 -4.456280303149341801e-05 3.752684559273213949e-05 -7.679823708282776515e-04 9.706911620130533437e-05 -7.755667740127083316e-05 -3.737870573812837160e-05 -6.413535595470359233e-06 -3.485438958178691709e-05 -1.146508753624342227e-05 4.431162103963941587e-06 2.099063453425827237e-03 3.640472273606875611e-04 1.734845043424402145e-03 -2.362810788684436734e-04 -2.414528207838633457e-05 1.929145885164013053e-05 2.431999533700394421e-05 -5.859580937993699635e-06
2.903961906265855914e-04 3.464103696797419087e-04 -1.162341644847782094e-06 -4.929708727280734753e-05 -1.015019594522641682e-05 -1.734157943105217611e-05 -3.144618471622343180e-06 1.629863005279889762e-06 -6.208371324254117335e-04 -3.519346909456256132e-06 1.535617100910308184e-04 1.812137008739755570e-04 4.246562341333484457e-05 -2.262013012664080655e-05 -3.235150037954026130e-05 2.274352868698192813e-05 1.681696924725739809e-05 1.171719437622939074e-04 2.894302835372003090e-06 -6.331344763511512728e-05 -4.491219308588897914e-05 -3.345920108213102084e-05 -1.816614407873031946e-06 -2.667157569924325747e-06 -6.072063163578081142e-04 5.035165535647013156e-04 2.966527113853497212e-04 9.409364651109862563e-05 -5.003445280843774073e-05 1.890312833576590867e-05 7.544641447861781320e-06 -9.985376592227752696e-06 -1.960939223562083861e-03 -7.490560055263230030e-04 -2.362810788684436734e-04 7.311526702199433415e-04 2.212712414744519957e-04 1.116027860762022517e-04 -3.201837899056597826e-05 2.340662877035426352e-05
3.707636909446760678e-04 1.769860854687276518e-04 -2.724334049078994360e-06 -6.236307592213230890e-05 -6.494100196644328302e-06 9.210791286777704061e-06 8.314725485168566546e-06 -6.045125125989397506e-06 -1.847198395263414483e-04 -6.581480742525670411e-05 1.389603379761849731e-04 1.051330147397403506e-04 7.378530921767784286e-05 7.297079546793226985e-06 2.143238329725529982e-06 9.144432384686715033e-07 6.593987042554124822e-05 2.406345700661814281e-05 4.242767604586025744e-06 -1.235500715320927842e-05 4.127984762522889220e-05 3.630884669866153291e-05 2.648730920117227071e-05 -1.387714497896725146e-05 1.717201833149922981e-04 1.751699300587346200e-04 2.015973600928829862e-06 1.722309973063695097e-05 2.296958185911552747e-06 2.894177156306568561e-05 2.808601454534953221e-05 -1.709051568878725978e-05 -6.290447336484125728e-04 -2.855777225267237471e-04 -2.414528207838633457e-05 2.212712414744519957e-04 2.003379703019094881e-04 5.328156247505604081e-05 1.354927750754273791e-05 -3.653816527863459019e-06
3.427003748127752401e-05 3.146527074194708845e-05 -4.730224251149828469e-05 -9.440348204271618911e-06 -6.447531400671260985e-06 5.219144074243978665e-06 -1.214942621733946350e-06 -5.491297567490312446e-07 -3.012070771345162336e-05 3.191368741800325494e-05 2.338910975658821319e-05 2.730206845201320630e-05 1.214792049847839045e-05 1.979755807865341959e-05 5.273625873766667036e-07 -3.107484177816314862e-06 2.263474801211165629e-04 -5.463243504327259376e-05 8.438315352837760431e-06 2.198512854367852643e-05 1.938437339685016180e-05 1.827332412550413556e-05 8.028518226341747432e-06 -5.339776726880250783e-06 -2.652884515770520361e-04 5.815152752389950798e-05 -7.868738104571043025e-07 6.143108491815502917e-05 2.540642275131734133e-05 3.703768357581092364e-05 2.374558170823767263e-06 -5.285229889097751123e-06 2.788412701197815185e-04 1.827994986312384747e-05 1.929145885164013053e-05 1.116027860762022517e-04 5.328156247505604081e-05 7.531774110807610949e-05 1.484473950701065800e-05 -1.408215344907651804e-05
-5.330018863654736953e-05 -4.141546474990225447e-05 -2.804872271573682124e-05 1.159254200339173620e-05 1.702118955934580174e-05 1.159570385741598689e-05 5.980902576492596049e-06 -4.932031296777938335e-06 2.197613818611246627e-05 -2.418293120422657905e-05 7.742814717981278913e-06 -1.141498961569826611e-05 1.108922017809808281e-05 1.834875840158513180e-05 1.124148446949549072e-05 -7.688641190474158966e-06 1.513594048435780665e-04 -3.188567489870830051e-05 -3.826671955750577227e-06 1.781418721105253037e-05 3.378281390429101254e-05 1.867225341619047096e-05 8.078398567096316976e-06 -6.773599131842375281e-06 -1.076591308344470060e-05 -5.502811853114448310e-05 -2.936756042443271976e-05 1.240319740758579498e-05 4.384718831060341381e-05 1.938476302281434785e-05 1.095983161923153996e-05 -7.082379505343486080e-06 3.041504911892260591e-04 8.910253870404674528e-05 2.431999533700394421e-05 -3.201837899056597826e-05 1.354927750754273791e-05 1.484473950701065800e-05 3.491087822769327581e-05 -1.893812364567651262e-05
