1.230998575025513825e-01 3.135578894816576589e-06 2.733731232430116915e-03 6.264358903340695468e-04 1.326112296367979154e-03 -1.201694262062323127e-03 -3.693795290332832471e-04 9.244502290466049795e-04 2.657467317540196557e-04 -1.380342778972846248e-04
3.135578894816576589e-06 1.312619684540376232e-02 6.285390349443111674e-03 2.545117349529795684e-03 1.522606815310084552e-03 7.224312282599215391e-04 1.716112400570171865e-04 -4.578867724289977713e-05 -1.463653938589571320e-05 2.491322033292288669e-05
2.733731232430116915e-03 6.285390349443111674e-03 4.927173708154918355e-03 1.282438514533091808e-03 9.241135303442674781e-04 3.341831791101644122e-04 8.943538887047877326e-05 2.212371893009974945e-05 -7.483370143109444290e-06 2.977896206777094353e-05
6.264358903340695468e-04 2.545117349529795684e-03 1.282438514533091808e-03 2.794360526239620963e-03 2.091686272459262769e-03 7.384042187036864678e-04 1.749083391942162391e-04 4.565234305231701803e-05 2.535331807253561400e-06 5.663106455244416707e-06
1.326112296367979154e-03 1.522606815310084552e-03 9.241135303442674781e-04 2.091686272459262769e-03 2.202292010909952420e-03 8.509926786908438272e-04 2.284283027427417125e-04 5.513837219369201734e-05 1.281384883368284666e-06 3.954404080101804225e-06
-1.201694262062323127e-03 7.224312282599215391e-04 3.341831791101644122e-04 7.384042187036864678e-04 8.509926786908438272e-04 4.923536808629005177e-04 1.476311474762862115e-04 1.727524241061097302e-05 -1.462283177324012362e-06 2.501107893784543741e-06
-3.693795290332832471e-04 1.716112400570171865e-04 8.943538887047877326e-05 1.749083391942162391e-04 2.284283027427417125e-04 1.476311474762862115e-04 8.096551328529845535e-05 2.960674218310025655e-05 -1.230200607351189676e-06 -4.853377812067698226e-07
9.244502290466049795e-04 -4.578867724289977713e-05 2.212371893009974945e-05 4.565234305231701803e-05 5.513837219369201734e-05 1.727524241061097302e-05 2.960674218310025655e-05 4.935159150133921026e-05 5.716510201045108185e-06 -8.152144403031062899e-06
2.657467317540196557e-04 -1.463653938589571320e-05 -7.483370143109444290e-06 2.535331807253561400e-06 1.281384883368284666e-06 -1.462283177324012362e-06 -1.230200607351189676e-06 5.716510201045108185e-06 8.530426970398425552e-06 -5.265234434289712561e-06
-1.380342778972846248e-04 2.491322033292288669e-05 2.977896206777094353e-05 5.663106455244416707e-06 3.954404080101804225e-06 2.501107893784543741e-06 -4.853377812067698226e-07 -8.152144403031062899e-06 -5.265234434289712561e-06 4.979664252011033738e-06
