9.701644983138510425e-03 8.789875666609431228e-04 9.226769585622232898e-04 1.272705416361723588e-03 9.956540707904461013e-04 2.820587153389154510e-04 1.473641070826335392e-04 3.008011460319647955e-04 6.119454296030862829e-05 -5.096403191639280265e-05
8.789875666609431228e-04 1.849098628236242733e-03 4.046222711080480557e-04 2.330982578498542307e-04 9.134795290228202877e-05 1.385539645538097583e-05 5.017268666128139675e-05 6.180579552833987054e-06 3.600307200502688744e-05 -1.092110844082043150e-05
9.226769585622232898e-04 4.046222711080480557e-04 1.143921280263780500e-03 5.674925915777639419e-04 3.305558567852117432e-04 1.371237930111743949e-04 1.594056964507980766e-05 3.604284483089589244e-05 2.777606306389246638e-05 -2.172354681357672687e-05
1.272705416361723588e-03 2.330982578498542307e-04 5.674925915777639419e-04 5.749741321851749298e-04 4.100064754001434366e-04 1.747471669810379369e-04 4.062144426984561920e-05 2.788729485643077786e-05 2.141337956360263463e-05 -9.654031866171276411e-06
9.956540707904461013e-04 9.134795290228202877e-05 3.305558567852117432e-04 4.100064754001434366e-04 3.693991846162667913e-04 1.598320253329687385e-04 3.642269721145521372e-05 1.568209809485664744e-07 1.277517243488866107e-05 1.919482974481418238e-06
2.820587153389154510e-04 1.385539645538097583e-05 1.371237930111743949e-04 1.747471669810379369e-04 1.598320253329687385e-04 1.251667611710984961e-04 4.952838528640360208e-05 -7.629931143248896815e-06 7.641434694011834826e-06 -7.682796132518447795e-07
1.473641070826335392e-04 5.017268666128139675e-05 1.594056964507980766e-05 4.062144426984561920e-05 3.642269721145521372e-05 4.952838528640360208e-05 4.988286116516698937e-05 1.681010962950847757e-05 5.880766603769745177e-06 -6.267689530764035649e-06
3.008011460319647955e-04 6.180579552833987054e-06 3.604284483089589244e-05 2.788729485643077786e-05 1.568209809485664744e-07 -7.629931143248896815e-06 1.681010962950847757e-05 4.537019273870487315e-05 8.964366766649958055e-06 -1.307972898165194378e-05
6.119454296030862829e-05 3.600307200502688744e-05 2.777606306389246638e-05 2.141337956360263463e-05 1.277517243488866107e-05 7.641434694011834826e-06 5.880766603769745177e-06 8.964366766649958055e-06 8.693098043838940007e-06 -5.702002768564885088e-06
-5.096403191639280265e-05 -1.092110844082043150e-05 -2.172354681357672687e-05 -9.654031866171276411e-06 1.919482974481418238e-06 -7.682796132518447795e-07 -6.267689530764035649e-06 -1.307972898165194378e-05 -5.702002768564885088e-06 5.874240467666019423e-06
