2.702152807461058806e-02 -4.839915994268261770e-04 8.406559251026916564e-04 2.103538129490429079e-03 2.584158086189709477e-03 6.743017376396598372e-04 3.944165965197244712e-05 3.934374252078630136e-04 -1.011773958558701751e-04 1.955719530450132369e-05
-4.839915994268261770e-04 6.482521565238446096e-03 8.616129356641491228e-04 4.129299901224322070e-04 1.248618236187902574e-04 -1.536941729462654453e-04 2.359205635588525294e-04 1.031149102509665500e-04 7.084468900412200056e-05 -4.342898613700228234e-05
8.406559251026916564e-04 8.616129356641491228e-04 1.418905554461596680e-03 1.029889478327545085e-03 6.093692764985251522e-04 1.903576740918958216e-04 5.481254582399132060e-05 3.051536602456846127e-05 1.387771703382908726e-05 -6.392909460598555232e-06
2.103538129490429079e-03 4.129299901224322070e-04 1.029889478327545085e-03 1.372395129452863788e-03 9.325160652617831610e-04 3.641626500021072745e-04 1.484022057969823808e-04 6.432036725819579974e-05 1.473803618868758381e-05 -1.505261489291296505e-05
2.584158086189709477e-03 1.248618236187902574e-04 6.093692764985251522e-04 9.325160652617831610e-04 8.771899541681512898e-04 3.819621159501899467e-04 1.109975370812722186e-04 1.305215647186364698e-05 -9.516884312771023752e-07 1.230701585446148090e-07
6.743017376396598372e-04 -1.536941729462654453e-04 1.903576740918958216e-04 3.641626500021072745e-04 3.819621159501899467e-04 2.625340888350422724e-04 9.054932351046787525e-05 1.179625032390654838e-06 4.597857624488315417e-06 -3.754571763877332347e-06
3.944165965197244712e-05 2.359205635588525294e-04 5.481254582399132060e-05 1.484022057969823808e-04 1.109975370812722186e-04 9.054932351046787525e-05 7.177733808607599496e-05 2.770059245884185580e-05 9.295922846324431707e-06 -9.931716599205598503e-06
3.934374252078630136e-04 1.031149102509665500e-04 3.051536602456846127e-05 6.432036725819579974e-05 1.305215647186364698e-05 1.179625032390654838e-06 2.770059245884185580e-05 5.954930556353804297e-05 1.047564789934070664e-05 -1.534164401886382623e-05
-1.011773958558701751e-04 7.084468900412200056e-05 1.387771703382908726e-05 1.473803618868758381e-05 -9.516884312771023752e-07 4.597857624488315417e-06 9.295922846324431707e-06 1.047564789934070664e-05 1.074588134938001445e-05 -7.536932350176476383e-06
1.955719530450132369e-05 -4.342898613700228234e-05 -6.392909460598555232e-06 -1.505261489291296505e-05 1.230701585446148090e-07 -3.754571763877332347e-06 -9.931716599205598503e-06 -1.534164401886382623e-05 -7.536932350176476383e-06 7.203116837651521329e-06
