3.336635505704214737e-03 7.416384101806979771e-04 8.354689951645851960e-04 6.638332416385047362e-04 4.519961532291382270e-04 2.047374675814407716e-04 8.314835323059986444e-05 1.853238907603287934e-04 3.620883094567589714e-05 -5.245978654620817667e-05
7.416384101806979771e-04 8.625153108000362112e-04 4.320851302547984506e-04 3.847805124999505036e-04 2.209238990876293105e-04 5.337247928687925810e-05 4.186081417733767138e-06 5.264363372344161998e-05 8.923926144088283901e-06 -1.006901140641232521e-05
8.354689951645851960e-04 4.320851302547984506e-04 4.987943177173246668e-04 3.538755046123302967e-04 2.273693564330903430e-04 1.070867966089042726e-04 2.588848343040551597e-05 2.353172166331150215e-05 1.736070401775881037e-05 -1.527837160067506113e-05
6.638332416385047362e-04 3.847805124999505036e-04 3.538755046123302967e-04 3.776648863382766935e-04 2.596665305231803762e-04 1.255603174551585255e-04 3.692752963793207073e-05 2.167803541090457373e-05 1.453627573378968883e-05 -1.005842836514930014e-05
4.519961532291382270e-04 2.209238990876293105e-04 2.273693564330903430e-04 2.596665305231803762e-04 2.042803455347548503e-04 9.884699438240559502e-05 2.708110478015200660e-05 7.930070993852369909e-06 8.942320565749726520e-06 -3.210317758169804096e-06
2.047374675814407716e-04 5.337247928687925810e-05 1.070867966089042726e-04 1.255603174551585255e-04 9.884699438240559502e-05 7.314217334542934506e-05 3.400621817133356469e-05 4.898235127184461764e-06 4.981874569918799586e-06 -3.261140188541035609e-06
8.314835323059986444e-05 4.186081417733767138e-06 2.588848343040551597e-05 3.692752963793207073e-05 2.708110478015200660e-05 3.400621817133356469e-05 2.934883292202956643e-05 1.301346369847028056e-05 3.982295848364250582e-06 -4.593755080331600338e-06
1.853238907603287934e-04 5.264363372344161998e-05 2.353172166331150215e-05 2.167803541090457373e-05 7.930070993852369909e-06 4.898235127184461764e-06 1.301346369847028056e-05 3.609411122493214090e-05 7.018154575022875038e-06 -1.027825415066335495e-05
3.620883094567589714e-05 8.923926144088283901e-06 1.736070401775881037e-05 1.453627573378968883e-05 8.942320565749726520e-06 4.981874569918799586e-06 3.982295848364250582e-06 7.018154575022875038e-06 4.823713485253384588e-06 -3.530062021499550034e-06
-5.245978654620817667e-05 -1.006901140641232521e-05 -1.527837160067506113e-05 -1.005842836514930014e-05 -3.210317758169804096e-06 -3.261140188541035609e-06 -4.593755080331600338e-06 -1.027825415066335495e-05 -3.530062021499550034e-06 4.127728330399057075e-06
