2.526267079279227723e-03 -5.070683913376855279e-05 2.332699713151918305e-04 3.216321425614739916e-04 3.653243876478874099e-04 2.984624967983624203e-04 2.916106794506916544e-04 2.031824569119824184e-04 4.089012404784711822e-05 -9.892809394825764660e-05 -1.001214288912355465e-03 -5.660222796963506166e-04 -3.983363410108425049e-04 -1.794624298142242483e-05 2.652744939510812854e-04 2.322003717953238908e-04 1.994465801100767707e-04 5.250917803833672658e-05 3.316841538433184871e-05 -4.269229418993793771e-05 9.118585634215192748e-04 -3.006925692000794476e-03 -1.194750690709673550e-03 -2.843940479766204400e-04 2.742182308762511778e-04 2.348559288722997559e-04 1.753645433386803731e-04 1.452743386995526491e-04 9.300325835636019439e-05 -9.556173718255359594e-05
-5.070683913376855279e-05 7.631105275400260979e-04 5.932916599923852559e-05 -6.741290600326857244e-06 3.407056282021495047e-05 5.130241600521509619e-05 4.605950753488266558e-05 2.910476054782825224e-05 1.404918637514815740e-05 -1.922782403565346135e-05 -1.888134649325559763e-03 4.376424465103651083e-04 1.642249643891867319e-04 -3.095225968329570985e-06 -6.478683843107628851e-05 -5.142257304344063093e-05 -2.731525071482055275e-05 -3.860232537756443116e-05 3.740197074159369302e-05 -1.608100754261239582e-05 -6.932121733035466601e-04 -1.990219473061011907e-03 4.265860104269855128e-04 3.420716763039731629e-04 -5.181555221602824620e-05 5.693069281734786281e-06 -6.954646601072598090e-05 -1.719163187813471772e-05 9.950813936456751746e-06 1.287393721389347819e-05
2.332699713151918305e-04 5.932916599923852559e-05 1.567160906653043066e-04 1.166470007200166398e-04 1.017303858376162955e-04 9.782651935621259893e-05 7.178803253540656337e-05 5.907399638954417045e-05 8.453314020099350672e-06 -2.383986652694405054e-05 3.645475245266595788e-04 2.977938683559052746e-04 -1.612266814377883491e-04 -2.165989310319914676e-06 6.752543244081955071e-05 5.531515303999562182e-05 4.609070782736631421e-05 4.528516956055663980e-05 1.614257574235662091e-05 -2.568426432454110970e-05 -1.802485923905780378e-03 -7.439316413903941140e-04 -1.297196765550059027e-04 -2.820019431309802609e-05 5.967155288187764832e-05 8.818054095732271857e-05 1.152392433180725713e-04 8.198252994174527373e-05 1.536959609327407392e-05 -3.117648984790220498e-05
3.216321425614739916e-04 -6.741290600326857244e-06 1.166470007200166398e-04 1.406848318447363462e-04 1.132399042069991965e-04 1.081810581756428239e-04 8.930710016781714651e-05 6.237995282303703014e-05 3.474352835400894599e-06 -2.198698150418047770e-05 1.080441164804243567e-04 -7.737416963672927317e-05 -1.863169487741081162e-04 -2.165670960573173282e-05 7.476186539487091455e-05 7.092184121871192466e-05 6.927411970871592286e-05 5.425370410527352669e-05 1.781246223092014346e-05 -2.801367720246096218e-05 -9.657830380627724495e-04 -5.713977329937037835e-04 -2.305529859540731297e-04 6.334110164715847950e-05 5.259441883051066332e-05 9.486098794709785166e-05 1.283987472547686417e-04 9.922669146905328190e-05 5.354304394836402028e-06 -2.818414682161691652e-05
3.653243876478874099e-04 3.407056282021495047e-05 1.017303858376162955e-04 1.132399042069991965e-04 1.225942769215465785e-04 1.066835317533224947e-04 9.076179790853428238e-05 6.265634547623184173e-05 1.101270621093579174e-05 -2.721174007822277282e-05 -2.859739471974375168e-05 7.626624407922946160e-05 -1.320418072406909368e-04 8.493762973410936488e-06 8.194206561304021106e-05 7.731849482700579380e-05 6.917068332558696793e-05 5.275809534383568304e-05 1.564050821431161659e-05 -2.571270926049750525e-05 -1.848506947983009777e-03 -6.240626513558077126e-04 -2.049498182136055174e-04 4.346005532374736072e-05 5.772346457824576973e-05 8.820276789722351690e-05 1.134809370893206281e-04 7.360662726978064573e-05 1.346453101257655146e-05 -2.821697654910199860e-05
2.984624967983624203e-04 5.130241600521509619e-05 9.782651935621259893e-05 1.081810581756428239e-04 1.066835317533224947e-04 1.061222796805501610e-04 9.116794707653949658e-05 6.936696635543641268e-05 6.880899326943717460e-06 -2.485727789336271239e-05 -9.976836227167073504e-05 2.019210275742245675e-05 -1.134055381167127182e-04 9.085814846660332663e-06 6.839692166683685869e-05 6.668996865498045688e-05 6.407447068942666768e-05 5.477819452493088174e-05 1.553613065073735511e-05 -2.544505245061261383e-05 -1.388336026608952669e-03 -4.765062453364715916e-04 -2.044893769760603396e-04 9.418238570157819341e-05 6.167883927084046177e-05 1.047756093694382360e-04 1.187606655836508920e-04 9.563203068307382041e-05 7.080639642199372112e-06 -2.751494489525622714e-05
2.916106794506916544e-04 4.605950753488266558e-05 7.178803253540656337e-05 8.930710016781714651e-05 9.076179790853428238e-05 9.116794707653949658e-05 8.708701898979626858e-05 6.807455788664779333e-05 5.927546114929542203e-06 -2.311327413354666695e-05 -3.992496228009533455e-05 -7.380207301753020964e-05 -9.561817671575028731e-05 2.014746629241784043e-05 6.778592987598647506e-05 6.352488932920047522e-05 6.135412359983950608e-05 4.696432949502058905e-05 1.035142582275144737e-05 -1.954127175263269340e-05 -1.558853711118116233e-03 -2.550078704755580285e-04 -2.341398026502405862e-04 8.234968728124239567e-05 5.995813396893706306e-05 9.624371954635374060e-05 1.114342892241539893e-04 9.567942281474640703e-05 9.186604743083461762e-06 -2.812073231873852601e-05
2.031824569119824184e-04 2.910476054782825224e-05 5.907399638954417045e-05 6.237995282303703014e-05 6.265634547623184173e-05 6.936696635543641268e-05 6.807455788664779333e-05 6.871591851745039435e-05 9.000453680274302467e-06 -2.231748624890639754e-05 1.305023018474638584e-04 -9.570469559896353795e-05 -9.477014341197804190e-05 2.374030238907102417e-05 4.935259419448124752e-05 4.643308219054820496e-05 4.499648105283110842e-05 4.092868416389670405e-05 2.373034904191545029e-06 -1.203126213685972678e-05 -5.975418629028596707e-04 9.485309249575386219e-05 -2.143352534929513344e-04 9.591549729966267765e-05 6.814802055182022701e-05 9.956714191599424612e-05 1.044647533194229357e-04 1.064583808603664815e-04 8.105190386901247698e-06 -2.911161628509888408e-05
4.089012404784711822e-05 1.404918637514815740e-05 8.453314020099350672e-06 3.474352835400894599e-06 1.101270621093579174e-05 6.880899326943717460e-06 5.927546114929542203e-06 9.000453680274302467e-06 1.427814055629308852e-05 -1.086730694862741543e-05 5.438155319929144257e-05 6.798867279433239890e-05 -2.365895454629427793e-05 2.525540848529275896e-05 7.776971885976573731e-06 1.342742460812411985e-05 1.115187462445206674e-05 8.456752952800018893e-06 3.234672323594538145e-06 -4.974443843589828088e-06 -2.422932348646867327e-04 7.759567635206887940e-05 1.521203810232396527e-05 -2.876816682065983489e-05 1.505222459947390100e-05 8.688157698803672231e-06 1.679619205249013877e-05 1.420329564869393970e-05 1.365116790874470025e-05 -1.300224146720604454e-05
-9.892809394825764660e-05 -1.922782403565346135e-05 -2.383986652694405054e-05 -2.198698150418047770e-05 -2.721174007822277282e-05 -2.485727789336271239e-05 -2.311327413354666695e-05 -2.231748624890639754e-05 -1.086730694862741543e-05 1.287133843693567664e-05 -2.128937347977739739e-05 -2.393391274957359468e-05 3.915008619121526005e-05 -2.045555359814055146e-05 -2.108346556317720728e-05 -2.272950153118103505e-05 -2.008087340759887694e-05 -1.657374039092877121e-05 -3.833047546607410582e-06 7.310433791450407860e-06 4.137209261613501569e-04 -1.117671023635963911e-06 4.941100252142908847e-05 6.377368980993605060e-06 -2.603896809122101846e-05 -3.099820603123490289e-05 -3.470592858111924472e-05 -3.257787889913337978e-05 -1.184975953238348631e-05 1.567105010332281667e-05
-1.001214288912355465e-03 -1.888134649325559763e-03 3.645475245266595788e-04 1.080441164804243567e-04 -2.859739471974375168e-05 -9.976836227167073504e-05 -3.992496228009533455e-05 1.305023018474638584e-04 5.438155319929144257e-05 -2.128937347977739739e-05 2.860518041184663407e-02 1.787134875544322057e-03 4.037328526818793851e-04 5.819686957097447867e-04 3.957182086784306906e-04 1.732306015154313431e-04 2.629229258850029048e-04 -5.363479386576450257e-05 -1.538186276577878148e-04 6.547225402943298623e-05 1.763818380590787341e-02 9.221930220882277457e-03 1.196641968047239832e-03 5.842498621558327382e-04 -7.761274838161567251e-05 -1.617663044355292855e-04 2.808027035977241634e-04 7.242162748251624032e-05 1.512830869245162721e-04 -1.687709208267124323e-04
-5.660222796963506166e-04 4.376424465103651083e-04 2.977938683559052746e-04 -7.737416963672927317e-05 7.626624407922946160e-05 2.019210275742245675e-05 -7.380207301753020964e-05 -9.570469559896353795e-05 6.798867279433239890e-05 -2.393391274957359468e-05 1.787134875544322057e-03 5.528317534049548114e-03 5.604478390969477907e-04 4.675984295916171666e-04 1.237020137803850929e-04 1.072232216975458192e-04 7.230422102460372076e-05 4.574163641870443312e-05 7.725616929683709502e-05 -8.895152650468588743e-05 -1.404634835293921795e-02 -3.563437898735389957e-03 2.423193247454879205e-03 -8.822702312692756428e-04 -6.846356643465217851e-05 -3.470526601470535414e-04 -7.873961005951032053e-05 -3.398676820387957652e-04 8.133266306501303828e-05 -1.197374616539512720e-05
-3.983363410108425049e-04 1.642249643891867319e-04 -1.612266814377883491e-04 -1.863169487741081162e-04 -1.320418072406909368e-04 -1.134055381167127182e-04 -9.561817671575028731e-05 -9.477014341197804190e-05 -2.365895454629427793e-05 3.915008619121526005e-05 4.037328526818793851e-04 5.604478390969477907e-04 1.420684491041439680e-03 1.023113952994438844e-04 -3.801266076873705024e-05 -5.956894352913738502e-05 2.512312151503947542e-05 -1.089996102268442118e-04 -2.345761889875145061e-05 2.576847295595654171e-05 9.816002762583143221e-03 -1.158964941985112483e-03 1.766783563105655489e-03 2.853347769203299256e-04 -4.425884340438289530e-05 4.475432855794578215e-05 -1.725548627672077217e-04 -2.127983624978873028e-04 -1.042450052834881539e-04 1.126011374131509279e-04
-1.794624298142242483e-05 -3.095225968329570985e-06 -2.165989310319914676e-06 -2.165670960573173282e-05 8.493762973410936488e-06 9.085814846660332663e-06 2.014746629241784043e-05 2.374030238907102417e-05 2.525540848529275896e-05 -2.045555359814055146e-05 5.819686957097447867e-04 4.675984295916171666e-04 1.023113952994438844e-04 2.696178871117708054e-04 1.056491232339358777e-04 1.227286839826713177e-04 1.176392654668817294e-04 7.498194733724275582e-05 -2.571663467848902027e-05 -4.265759781329176905e-06 -4.259424915751416039e-03 1.280526724969239735e-03 2.241876441751363693e-04 -3.299882682983285671e-05 1.257613376243228991e-04 8.232771139768460262e-05 1.144979568988424020e-04 6.436265311684484524e-05 1.668118645231389351e-05 -3.205826087210161400e-05
2.652744939510812854e-04 -6.478683843107628851e-05 6.752543244081955071e-05 7.476186539487091455e-05 8.194206561304021106e-05 6.839692166683685869e-05 6.778592987598647506e-05 4.935259419448124752e-05 7.776971885976573731e-06 -2.108346556317720728e-05 3.957182086784306906e-04 1.237020137803850929e-04 -3.801266076873705024e-05 1.056491232339358777e-04 1.448965797889616765e-04 1.210671658282504214e-04 1.153052729419235060e-04 8.177615084138622722e-05 -9.110056473705515978e-06 -1.730082557092039344e-05 -3.529452788671165898e-03 -3.742387190681260915e-05 -8.627789101204564009e-05 -7.225070427287877926e-05 1.086385812182850204e-04 1.084564788411912056e-04 1.473076336501399583e-04 7.819373596555156470e-05 -2.574893311934439644e-06 -2.265132186716076949e-05
2.322003717953238908e-04 -5.142257304344063093e-05 5.531515303999562182e-05 7.092184121871192466e-05 7.731849482700579380e-05 6.668996865498045688e-05 6.352488932920047522e-05 4.643308219054820496e-05 1.342742460812411985e-05 -2.272950153118103505e-05 1.732306015154313431e-04 1.072232216975458192e-04 -5.956894352913738502e-05 1.227286839826713177e-04 1.210671658282504214e-04 1.318883192826487765e-04 1.170016416338566013e-04 8.281799479105309795e-05 -9.290432367998870605e-06 -1.659994580459009462e-05 -3.719314339894926914e-03 1.915291921819517375e-04 -4.226417102858759405e-05 -1.187278399131068960e-04 1.092487440593528219e-04 9.663888347558776391e-05 1.388008488620910913e-04 8.707067389127071252e-05 4.972155472118608179e-06 -2.825835042692868173e-05
1.994465801100767707e-04 -2.731525071482055275e-05 4.609070782736631421e-05 6.927411970871592286e-05 6.917068332558696793e-05 6.407447068942666768e-05 6.135412359983950608e-05 4.499648105283110842e-05 1.115187462445206674e-05 -2.008087340759887694e-05 2.629229258850029048e-04 7.230422102460372076e-05 2.512312151503947542e-05 1.176392654668817294e-04 1.153052729419235060e-04 1.170016416338566013e-04 1.312873937757000407e-04 8.367916797608620247e-05 -1.223797283007890735e-05 -1.623554578629379729e-05 -2.030211735299362712e-03 2.105376582276881825e-04 8.197839575955824271e-05 5.011745234958198770e-05 1.143278484979633154e-04 1.162180801590138440e-04 1.441601448552174770e-04 9.163318035723589554e-05 -1.305465465779523591e-05 -1.735700592043661953e-05
5.250917803833672658e-05 -3.860232537756443116e-05 4.528516956055663980e-05 5.425370410527352669e-05 5.275809534383568304e-05 5.477819452493088174e-05 4.696432949502058905e-05 4.092868416389670405e-05 8.456752952800018893e-06 -1.657374039092877121e-05 -5.363479386576450257e-05 4.574163641870443312e-05 -1.089996102268442118e-04 7.498194733724275582e-05 8.177615084138622722e-05 8.281799479105309795e-05 8.367916797608620247e-05 9.381064957674591965e-05 -4.728985129048943795e-06 -1.893905694810165980e-05 -3.002558704903201137e-03 4.824213275595057998e-04 -9.824439532053218563e-05 2.632094219226364537e-06 8.780635455380811252e-05 9.184889975313344094e-05 1.315365141881588164e-04 1.015070582246474230e-04 -2.364295120034243049e-06 -2.517652928470683648e-05
3.316841538433184871e-05 3.740197074159369302e-05 1.614257574235662091e-05 1.781246223092014346e-05 1.564050821431161659e-05 1.553613065073735511e-05 1.035142582275144737e-05 2.373034904191545029e-06 3.234672323594538145e-06 -3.833047546607410582e-06 -1.538186276577878148e-04 7.725616929683709502e-05 -2.345761889875145061e-05 -2.571663467848902027e-05 -9.110056473705515978e-06 -9.290432367998870605e-06 -1.223797283007890735e-05 -4.728985129048943795e-06 2.097389059268083388e-05 -1.282391279921072623e-05 4.605469981491926851e-04 -3.092646309185437129e-04 -3.361071974339771931e-05 -7.911410345795888795e-07 -1.976607024713769337e-05 -1.373565572749568502e-05 -4.012629584328226199e-06 -7.760629989004936630e-06 1.141980200555036038e-05 -6.529445335514731259e-06
-4.269229418993793771e-05 -1.608100754261239582e-05 -2.568426432454110970e-05 -2.801367720246096218e-05 -2.571270926049750525e-05 -2.544505245061261383e-05 -1.954127175263269340e-05 -1.203126213685972678e-05 -4.974443843589828088e-06 7.310433791450407860e-06 6.547225402943298623e-05 -8.895152650468588743e-05 2.576847295595654171e-05 -4.265759781329176905e-06 -1.730082557092039344e-05 -1.659994580459009462e-05 -1.623554578629379729e-05 -1.893905694810165980e-05 -1.282391279921072623e-05 1.378619579989316992e-05 3.402538317279121252e-04 1.423923586112115012e-04 1.230054973394164070e-05 1.327804196543548870e-06 -9.190090099384604715e-06 -1.642961299824241165e-05 -3.260510888941193597e-05 -1.931887650887925803e-05 -6.032111772195878225e-06 1.019965923771882031e-05
9.118585634215192748e-04 -6.932121733035466601e-04 -1.802485923905780378e-03 -9.657830380627724495e-04 -1.848506947983009777e-03 -1.388336026608952669e-03 -1.558853711118116233e-03 -5.975418629028596707e-04 -2.422932348646867327e-04 4.137209261613501569e-04 1.763818380590787341e-02 -1.404634835293921795e-02 9.816002762583143221e-03 -4.259424915751416039e-03 -3.529452788671165898e-03 -3.719314339894926914e-03 -2.030211735299362712e-03 -3.002558704903201137e-03 4.605469981491926851e-04 3.402538317279121252e-04 5.256712525011912884e-01 1.931651300435535332e-02 9.630857183704551183e-03 1.976749157012929609e-02 -1.231721128400903699e-03 1.584660485146402540e-03 -3.895782605733297699e-03 -1.698902382229762996e-03 -1.264106052135622292e-03 1.285586098807514925e-03
-3.006925692000794476e-03 -1.990219473061011907e-03 -7.439316413903941140e-04 -5.713977329937037835e-04 -6.240626513558077126e-04 -4.765062453364715916e-04 -2.550078704755580285e-04 9.485309249575386219e-05 7.759567635206887940e-05 -1.117671023635963911e-06 9.221930220882277457e-03 -3.563437898735389957e-03 -1.158964941985112483e-03 1.280526724969239735e-03 -3.742387190681260915e-05 1.915291921819517375e-04 2.105376582276881825e-04 4.824213275595057998e-04 -3.092646309185437129e-04 1.423923586112115012e-04 1.931651300435535332e-02 4.061318305397162293e-02 -2.836192127511383363e-03 2.140727836148637563e-03 7.970271918471065172e-04 9.591566416749752700e-04 9.196886777474894180e-04 1.244434345453541849e-03 1.078977942518425862e-04 -3.766925649812883476e-04
-1.194750690709673550e-03 4.265860104269855128e-04 -1.297196765550059027e-04 -2.305529859540731297e-04 -2.049498182136055174e-04 -2.044893769760603396e-04 -2.341398026502405862e-04 -2.143352534929513344e-04 1.521203810232396527e-05 4.941100252142908847e-05 1.196641968047239832e-03 2.423193247454879205e-03 1.766783563105655489e-03 2.241876441751363693e-04 -8.627789101204564009e-05 -4.226417102858759405e-05 8.197839575955824271e-05 -9.824439532053218563e-05 -3.361071974339771931e-05 1.230054973394164070e-05 9.630857183704551183e-03 -2.836192127511383363e-03 4.613333517925818396e-03 -1.340570726270893815e-04 -3.387161240182730553e-04 -3.313287078588872110e-04 -4.758304378197517016e-04 -3.933782057651805022e-04 -1.376414080541153782e-04 1.880207549201193425e-04
-2.843940479766204400e-04 3.420716763039731629e-04 -2.820019431309802609e-05 6.334110164715847950e-05 4.346005532374736072e-05 9.418238570157819341e-05 8.234968728124239567e-05 9.591549729966267765e-05 -2.876816682065983489e-05 6.377368980993605060e-06 5.842498621558327382e-04 -8.822702312692756428e-04 2.853347769203299256e-04 -3.299882682983285671e-05 -7.225070427287877926e-05 -1.187278399131068960e-04 5.011745234958198770e-05 2.632094219226364537e-06 -7.911410345795888795e-07 1.327804196543548870e-06 1.976749157012929609e-02 2.140727836148637563e-03 -1.340570726270893815e-04 2.641204223170521854e-03 1.029468565311917304e-04 3.987357821381319264e-04 2.214212132985362159e-04 1.630480491273092101e-04 -1.432072807130405263e-04 5.740181558601503936e-05
2.742182308762511778e-04 -5.181555221602824620e-05 5.967155288187764832e-05 5.259441883051066332e-05 5.772346457824576973e-05 6.167883927084046177e-05 5.995813396893706306e-05 6.814802055182022701e-05 1.505222459947390100e-05 -2.603896809122101846e-05 -7.761274838161567251e-05 -6.846356643465217851e-05 -4.425884340438289530e-05 1.257613376243228991e-04 1.086385812182850204e-04 1.092487440593528219e-04 1.143278484979633154e-04 8.780635455380811252e-05 -1.976607024713769337e-05 -9.190090099384604715e-06 -1.231721128400903699e-03 7.970271918471065172e-04 -3.387161240182730553e-04 1.029468565311917304e-04 2.327156734764627597e-04 2.227051466398850387e-04 2.312049155926748287e-04 1.541503405614204336e-04 -8.387149464730425725e-06 -3.805272163080916615e-05
2.348559288722997559e-04 5.693069281734786281e-06 8.818054095732271857e-05 9.486098794709785166e-05 8.820276789722351690e-05 1.047756093694382360e-04 9.624371954635374060e-05 9.956714191599424612e-05 8.688157698803672231e-06 -3.099820603123490289e-05 -1.617663044355292855e-04 -3.470526601470535414e-04 4.475432855794578215e-05 8.232771139768460262e-05 1.084564788411912056e-04 9.663888347558776391e-05 1.162180801590138440e-04 9.184889975313344094e-05 -1.373565572749568502e-05 -1.642961299824241165e-05 1.584660485146402540e-03 9.591566416749752700e-04 -3.313287078588872110e-04 3.987357821381319264e-04 2.227051466398850387e-04 3.381528126437620537e-04 2.822333310861749214e-04 2.136671781314914494e-04 -3.332298754763653842e-05 -3.354849589828200359e-05
1.753645433386803731e-04 -6.954646601072598090e-05 1.152392433180725713e-04 1.283987472547686417e-04 1.134809370893206281e-04 1.187606655836508920e-04 1.114342892241539893e-04 1.044647533194229357e-04 1.679619205249013877e-05 -3.470592858111924472e-05 2.808027035977241634e-04 -7.873961005951032053e-05 -1.725548627672077217e-04 1.144979568988424020e-04 1.473076336501399583e-04 1.388008488620910913e-04 1.441601448552174770e-04 1.315365141881588164e-04 -4.012629584328226199e-06 -3.260510888941193597e-05 -3.895782605733297699e-03 9.196886777474894180e-04 -4.758304378197517016e-04 2.214212132985362159e-04 2.312049155926748287e-04 2.822333310861749214e-04 4.081774065781449226e-04 2.530788616420299748e-04 -1.930314967892484467e-05 -6.038986826926392201e-05
1.452743386995526491e-04 -1.719163187813471772e-05 8.198252994174527373e-05 9.922669146905328190e-05 7.360662726978064573e-05 9.563203068307382041e-05 9.567942281474640703e-05 1.064583808603664815e-04 1.420329564869393970e-05 -3.257787889913337978e-05 7.242162748251624032e-05 -3.398676820387957652e-04 -2.127983624978873028e-04 6.436265311684484524e-05 7.819373596555156470e-05 8.707067389127071252e-05 9.163318035723589554e-05 1.015070582246474230e-04 -7.760629989004936630e-06 -1.931887650887925803e-05 -1.698902382229762996e-03 1.244434345453541849e-03 -3.933782057651805022e-04 1.630480491273092101e-04 1.541503405614204336e-04 2.136671781314914494e-04 2.530788616420299748e-04 2.463010826992962352e-04 1.787973573975144172e-06 -5.892239753293337961e-05
9.300325835636019439e-05 9.950813936456751746e-06 1.536959609327407392e-05 5.354304394836402028e-06 1.346453101257655146e-05 7.080639642199372112e-06 9.186604743083461762e-06 8.105190386901247698e-06 1.365116790874470025e-05 -1.184975953238348631e-05 1.512830869245162721e-04 8.133266306501303828e-05 -1.042450052834881539e-04 1.668118645231389351e-05 -2.574893311934439644e-06 4.972155472118608179e-06 -1.305465465779523591e-05 -2.364295120034243049e-06 1.141980200555036038e-05 -6.032111772195878225e-06 -1.264106052135622292e-03 1.078977942518425862e-04 -1.376414080541153782e-04 -1.432072807130405263e-04 -8.387149464730425725e-06 -3.332298754763653842e-05 -1.930314967892484467e-05 1.787973573975144172e-06 4.391492055508603018e-05 -2.851121790334442150e-05
-9.556173718255359594e-05 1.287393721389347819e-05 -3.117648984790220498e-05 -2.818414682161691652e-05 -2.821697654910199860e-05 -2.751494489525622714e-05 -2.812073231873852601e-05 -2.911161628509888408e-05 -1.300224146720604454e-05 1.567105010332281667e-05 -1.687709208267124323e-04 -1.197374616539512720e-05 1.126011374131509279e-04 -3.205826087210161400e-05 -2.265132186716076949e-05 -2.825835042692868173e-05 -1.735700592043661953e-05 -2.517652928470683648e-05 -6.529445335514731259e-06 1.019965923771882031e-05 1.285586098807514925e-03 -3.766925649812883476e-04 1.880207549201193425e-04 5.740181558601503936e-05 -3.805272163080916615e-05 -3.354849589828200359e-05 -6.038986826926392201e-05 -5.892239753293337961e-05 -2.851121790334442150e-05 3.390058971068819017e-05
