5.256712525011912884e-01 1.931651300435535332e-02 9.630857183704551183e-03 1.976749157012929609e-02 -1.231721128400903699e-03 1.584660485146404492e-03 -3.895782605733297699e-03 -1.698902382229763430e-03 -1.264106052135622726e-03 1.285586098807514925e-03
1.931651300435535332e-02 4.061318305397162293e-02 -2.836192127511383363e-03 2.140727836148637563e-03 7.970271918471066256e-04 9.591566416749754869e-04 9.196886777474893096e-04 1.244434345453541849e-03 1.078977942518425320e-04 -3.766925649812883476e-04
9.630857183704551183e-03 -2.836192127511383363e-03 4.613333517925818396e-03 -1.340570726270893815e-04 -3.387161240182730553e-04 -3.313287078588871568e-04 -4.758304378197518100e-04 -3.933782057651804480e-04 -1.376414080541153782e-04 1.880207549201193154e-04
1.976749157012929609e-02 2.140727836148637563e-03 -1.340570726270893815e-04 2.641204223170521854e-03 1.029468565311917168e-04 3.987357821381318722e-04 2.214212132985362701e-04 1.630480491273092372e-04 -1.432072807130405263e-04 5.740181558601502581e-05
-1.231721128400903699e-03 7.970271918471066256e-04 -3.387161240182730553e-04 1.029468565311917168e-04 2.327156734764627597e-04 2.227051466398850387e-04 2.312049155926748287e-04 1.541503405614204336e-04 -8.387149464730425725e-06 -3.805272163080916615e-05
1.584660485146404492e-03 9.591566416749754869e-04 -3.313287078588871568e-04 3.987357821381318722e-04 2.227051466398850387e-04 3.381528126437620537e-04 2.822333310861749214e-04 2.136671781314914494e-04 -3.332298754763653842e-05 -3.354849589828200359e-05
-3.895782605733297699e-03 9.196886777474893096e-04 -4.758304378197518100e-04 2.214212132985362701e-04 2.312049155926748287e-04 2.822333310861749214e-04 4.081774065781449226e-04 2.530788616420299748e-04 -1.930314967892484467e-05 -6.038986826926392201e-05
-1.698902382229763430e-03 1.244434345453541849e-03 -3.933782057651804480e-04 1.630480491273092372e-04 1.541503405614204336e-04 2.136671781314914494e-04 2.530788616420299748e-04 2.463010826992962352e-04 1.787973573975144172e-06 -5.892239753293337961e-05
-1.264106052135622726e-03 1.078977942518425320e-04 -1.376414080541153782e-04 -1.432072807130405263e-04 -8.387149464730425725e-06 -3.332298754763653842e-05 -1.930314967892484467e-05 1.787973573975144172e-06 4.391492055508603018e-05 -2.851121790334442150e-05
1.285586098807514925e-03 -3.766925649812883476e-04 1.880207549201193154e-04 5.740181558601502581e-05 -3.805272163080916615e-05 -3.354849589828200359e-05 -6.038986826926392201e-05 -5.892239753293337961e-05 -2.851121790334442150e-05 3.390058971068819017e-05
