2.860518041184663407e-02 1.787134875544322057e-03 4.037328526818793851e-04 5.819686957097447867e-04 3.957182086784306906e-04 1.732306015154313431e-04 2.629229258850029048e-04 -5.363479386576450257e-05 -1.538186276577878148e-04 6.547225402943298623e-05
1.787134875544322057e-03 5.528317534049548114e-03 5.604478390969477907e-04 4.675984295916171666e-04 1.237020137803850929e-04 1.072232216975458192e-04 7.230422102460372076e-05 4.574163641870443312e-05 7.725616929683709502e-05 -8.895152650468588743e-05
4.037328526818793851e-04 5.604478390969477907e-04 1.420684491041439680e-03 1.023113952994438844e-04 -3.801266076873705024e-05 -5.956894352913738502e-05 2.512312151503947542e-05 -1.089996102268442118e-04 -2.345761889875145061e-05 2.576847295595654171e-05
5.819686957097447867e-04 4.675984295916171666e-04 1.023113952994438844e-04 2.696178871117708054e-04 1.056491232339358777e-04 1.227286839826713177e-04 1.176392654668817294e-04 7.498194733724275582e-05 -2.571663467848902027e-05 -4.265759781329176905e-06
3.957182086784306906e-04 1.237020137803850929e-04 -3.801266076873705024e-05 1.056491232339358777e-04 1.448965797889616765e-04 1.210671658282504214e-04 1.153052729419235060e-04 8.177615084138622722e-05 -9.110056473705515978e-06 -1.730082557092039344e-05
1.732306015154313431e-04 1.072232216975458192e-04 -5.956894352913738502e-05 1.227286839826713177e-04 1.210671658282504214e-04 1.318883192826487765e-04 1.170016416338566013e-04 8.281799479105309795e-05 -9.290432367998870605e-06 -1.659994580459009462e-05
2.629229258850029048e-04 7.230422102460372076e-05 2.512312151503947542e-05 1.176392654668817294e-04 1.153052729419235060e-04 1.170016416338566013e-04 1.312873937757000407e-04 8.367916797608620247e-05 -1.223797283007890735e-05 -1.623554578629379729e-05
-5.363479386576450257e-05 4.574163641870443312e-05 -1.089996102268442118e-04 7.498194733724275582e-05 8.177615084138622722e-05 8.281799479105309795e-05 8.367916797608620247e-05 9.381064957674591965e-05 -4.728985129048943795e-06 -1.893905694810165980e-05
-1.538186276577878148e-04 7.725616929683709502e-05 -2.345761889875145061e-05 -2.571663467848902027e-05 -9.110056473705515978e-06 -9.290432367998870605e-06 -1.223797283007890735e-05 -4.728985129048943795e-06 2.097389059268083388e-05 -1.282391279921072623e-05
6.547225402943298623e-05 -8.895152650468588743e-05 2.576847295595654171e-05 -4.265759781329176905e-06 -1.730082557092039344e-05 -1.659994580459009462e-05 -1.623554578629379729e-05 -1.893905694810165980e-05 -1.282391279921072623e-05 1.378619579989316992e-05
