2.526267079279227723e-03 -5.070683913376855279e-05 2.332699713151918305e-04 3.216321425614739916e-04 3.653243876478874099e-04 2.984624967983624203e-04 2.916106794506916544e-04 2.031824569119824184e-04 4.089012404784711822e-05 -9.892809394825764660e-05
-5.070683913376855279e-05 7.631105275400260979e-04 5.932916599923852559e-05 -6.741290600326857244e-06 3.407056282021495047e-05 5.130241600521509619e-05 4.605950753488266558e-05 2.910476054782825224e-05 1.404918637514815740e-05 -1.922782403565346135e-05
2.332699713151918305e-04 5.932916599923852559e-05 1.567160906653043066e-04 1.166470007200166398e-04 1.017303858376162955e-04 9.782651935621259893e-05 7.178803253540656337e-05 5.907399638954417045e-05 8.453314020099350672e-06 -2.383986652694405054e-05
3.216321425614739916e-04 -6.741290600326857244e-06 1.166470007200166398e-04 1.406848318447363462e-04 1.132399042069991965e-04 1.081810581756428239e-04 8.930710016781714651e-05 6.237995282303703014e-05 3.474352835400894599e-06 -2.198698150418047770e-05
3.653243876478874099e-04 3.407056282021495047e-05 1.017303858376162955e-04 1.132399042069991965e-04 1.225942769215465785e-04 1.066835317533224947e-04 9.076179790853428238e-05 6.265634547623184173e-05 1.101270621093579174e-05 -2.721174007822277282e-05
2.984624967983624203e-04 5.130241600521509619e-05 9.782651935621259893e-05 1.081810581756428239e-04 1.066835317533224947e-04 1.061222796805501610e-04 9.116794707653949658e-05 6.936696635543641268e-05 6.880899326943717460e-06 -2.485727789336271239e-05
2.916106794506916544e-04 4.605950753488266558e-05 7.178803253540656337e-05 8.930710016781714651e-05 9.076179790853428238e-05 9.116794707653949658e-05 8.708701898979626858e-05 6.807455788664779333e-05 5.927546114929542203e-06 -2.311327413354666695e-05
2.031824569119824184e-04 2.910476054782825224e-05 5.907399638954417045e-05 6.237995282303703014e-05 6.265634547623184173e-05 6.936696635543641268e-05 6.807455788664779333e-05 6.871591851745039435e-05 9.000453680274302467e-06 -2.231748624890639754e-05
4.089012404784711822e-05 1.404918637514815740e-05 8.453314020099350672e-06 3.474352835400894599e-06 1.101270621093579174e-05 6.880899326943717460e-06 5.927546114929542203e-06 9.000453680274302467e-06 1.427814055629308852e-05 -1.086730694862741543e-05
-9.892809394825764660e-05 -1.922782403565346135e-05 -2.383986652694405054e-05 -2.198698150418047770e-05 -2.721174007822277282e-05 -2.485727789336271239e-05 -2.311327413354666695e-05 -2.231748624890639754e-05 -1.086730694862741543e-05 1.287133843693567664e-05
