2.342057311970962771e-03 -7.507328665036269830e-05 1.966370299311075273e-04 1.064051013001899925e-04 2.496878021150894739e-05 5.982433759137156673e-05 3.213756504113032716e-05 1.028224334850964502e-05 -2.281194040198195893e-05 1.193813601933174850e-05 -1.075128840090139445e-03 6.572903118038329060e-04 -2.859285907854296552e-04 -5.157433931339683574e-05 4.533614223062166332e-05 2.701788197069200108e-05 2.344611195198483813e-05 -3.181362576407144943e-06 -1.673303917868442989e-05 8.965689829000440282e-06 3.080667599397019906e-03 1.453204402528958557e-03 6.422784243921632634e-04 5.434699064191209506e-04 7.576803645401397497e-06 1.043355310752777177e-04 2.575844891959975253e-05 3.685679999274360687e-05 -1.646700770146878947e-05 3.197714804820273291e-06 1.552878011243926173e-02 -1.941334862019211942e-03 1.016661483818886514e-03 9.044669647282008998e-04 2.037442169991647914e-04 2.222521725781239504e-04 1.424558153999981906e-04 7.568460176304933216e-05 -2.527691532601004167e-05 -2.369638789770450723e-06
-7.507328665036269830e-05 2.809398661137587445e-04 8.714049180794902999e-05 3.738320505577908315e-05 1.663510148176401435e-05 1.160540745394320308e-05 1.609916863357737068e-05 3.956047011927707192e-06 3.322977413030540944e-06 -1.914854003485787993e-06 -4.424693529354856007e-04 1.567129830245625618e-04 -1.234721114037576242e-04 5.077112761109152644e-05 2.311187512745565612e-05 -9.489023811309495030e-06 -2.198586486008008767e-05 -5.471080972160691492e-06 -1.454738654096104838e-06 1.918268283529393636e-06 -1.520943290442858861e-03 -1.088645599886399733e-03 -4.586468939395439703e-04 -2.477710950247068904e-04 -7.151628826874939060e-05 -3.571311472391558380e-05 -3.057217635826242364e-05 1.149993898248159155e-05 4.544117143560243971e-06 -6.689824324973238342e-07 -4.710829900385315495e-03 -1.448440383118836843e-03 3.740743083072346244e-04 -9.636631443761965103e-05 -1.474939033347931222e-04 4.846307572139917585e-05 1.100114623694287152e-04 -8.644996540964073388e-06 2.320923958903756908e-07 -5.297922143902761032e-06
1.966370299311075273e-04 8.714049180794902999e-05 1.226620149254060706e-04 4.842121170707738837e-05 3.006786640559719098e-05 2.086618518115255036e-05 1.027548844415273627e-05 1.886709963208946203e-06 5.402793193084247958e-07 -2.305723846595329382e-07 -2.649050891097952929e-04 1.316407611818761901e-04 -1.634778641404050457e-04 6.354248291832326788e-06 1.985051213003391149e-05 4.772971847518302769e-06 -3.841048529943040226e-06 -4.080066084053936003e-06 -1.189764193563021368e-06 9.720141241592893741e-07 8.334111922859153195e-04 6.067092996691014040e-05 -7.177104161804000225e-05 -7.375266210028171346e-05 -5.557099166494810664e-06 1.065507564987526024e-05 -9.146190830050495628e-06 9.506022388735828980e-06 -3.074221768521242387e-06 3.016874073684860171e-06 1.691952625145144240e-03 2.872368299409905649e-04 1.157211436467716140e-04 3.999177567955986413e-04 -1.277292072838074718e-05 4.221375019487248135e-05 1.952536802995665874e-05 2.691022852899931466e-05 -1.125643026893778535e-05 -4.231164386976169730e-08
1.064051013001899925e-04 3.738320505577908315e-05 4.842121170707738837e-05 3.414150852740798538e-05 2.344441921071410337e-05 1.803801286098528946e-05 8.045627403683221093e-06 -6.539269809758313313e-07 -3.540579133768667512e-07 1.307408353311143934e-07 -3.180167339051736793e-04 -1.747864956003259725e-05 -8.852431744754377812e-05 -2.067678995396146143e-06 -1.889614731745086021e-06 -1.817344682226451118e-06 -7.104650411705988128e-06 -2.278192642198323284e-06 4.593658232169197961e-07 -2.558532402295747330e-07 9.790645738424804539e-04 -7.679172285489675254e-05 -8.885074717125682263e-05 -4.348122958365399410e-05 -1.665093589722173564e-05 2.582987197392743045e-06 -1.268791026964458189e-05 4.894799311257723180e-06 9.627745210010409239e-07 -8.057133619056414290e-07 -6.699562768732872711e-05 -1.143548260826351276e-04 -2.454385102680599058e-04 6.731098408511587705e-05 -1.415602693625367150e-06 1.959195114138234591e-05 -4.440229732690026209e-06 7.147561822249429787e-06 9.304842101351558890e-07 -1.148521260059368468e-06
2.496878021150894739e-05 1.663510148176401435e-05 3.006786640559719098e-05 2.344441921071410337e-05 3.575853412733432702e-05 2.275784743581333146e-05 5.889573470603490663e-06 -4.352771574025545321e-06 2.235429401864493735e-06 -8.242193905895964624e-07 -1.000238641944341272e-04 -1.899145521044529468e-05 -2.062666193489537354e-05 -3.234682120378431522e-06 -4.353312683870455792e-06 2.732462795246678783e-06 -3.240423313788221017e-06 6.128462028091243836e-07 1.124365479891387629e-06 -1.070460560700976553e-06 6.439492262360051872e-04 1.117228375054708160e-04 -8.746883506304458863e-05 -1.658583392557516143e-05 -1.101975410021806173e-05 -1.218848937348015392e-06 -1.583596104271172664e-05 3.097979186479973248e-06 1.462351558026180308e-06 -7.398662756823973313e-07 9.302717580645873240e-04 -3.837356411682976112e-04 -3.998084489930937130e-04 -5.649133959249062807e-05 -5.988199316748445261e-06 1.343484536110004243e-05 -2.480234032366049210e-05 8.531140230366173163e-06 -1.375957143554473385e-06 3.124097639788075207e-07
5.982433759137156673e-05 1.160540745394320308e-05 2.086618518115255036e-05 1.803801286098528946e-05 2.275784743581333146e-05 1.846521839761119734e-05 4.489647594466116122e-06 -2.366328447162425415e-06 1.130493903459896569e-06 -3.452915018476382406e-07 -1.512492997645328862e-04 -1.454779578558255298e-05 -1.533527455168525480e-05 -6.595148791559435014e-06 -4.947504174876387469e-06 -3.497023860045480887e-06 -2.348728248795568959e-06 3.151697317962954217e-07 1.184867688930743492e-06 -8.859983110358068159e-07 4.778543974754650265e-04 1.291184649380592535e-05 -3.332451633961670785e-05 -2.907845509428436196e-06 -5.270224737872175648e-06 3.982196357530666125e-06 -5.136706423364556619e-06 3.652876993181171111e-06 6.929065496551918470e-07 -9.844782597795899301e-07 1.198251504271500211e-03 -4.112646089790917615e-04 -3.494269196908551681e-04 -3.926116579554519612e-05 -1.158774146307255111e-05 1.179073378164417626e-05 -1.722915547191851922e-05 8.390656487820816645e-06 -4.971862250234902203e-07 3.503051011984330138e-07
3.213756504113032716e-05 1.609916863357737068e-05 1.027548844415273627e-05 8.045627403683221093e-06 5.889573470603490663e-06 4.489647594466116122e-06 8.014541096869567502e-06 6.114271733481106148e-07 -1.381654321251514832e-06 5.697860253583638133e-07 -2.085849157202550156e-04 1.737907218213653014e-05 1.480484977823398909e-06 8.828751731631498632e-07 5.063321268024683116e-07 -9.929286601315516755e-07 -3.859607507306383026e-07 9.913772341784810113e-07 -3.061952756981216317e-07 -3.093846952081728715e-07 2.752454807373738168e-04 2.805103999816452266e-05 -2.691533825280987180e-05 -1.977753964799904094e-05 -4.002379009764556907e-06 -6.293870542133032319e-07 -1.672321301374781735e-06 4.254573043240901849e-08 1.045568823223965653e-07 -1.523639314962480577e-07 7.670201251812186743e-04 -1.879264804739242268e-04 1.165353178671658788e-04 -9.362764863215863463e-06 -1.367536717927021793e-05 2.780667181920251079e-06 2.490746904060233391e-06 -1.311876427502767021e-06 6.542073089900038057e-07 3.935596646925973314e-07
1.028224334850964502e-05 3.956047011927707192e-06 1.886709963208946203e-06 -6.539269809758313313e-07 -4.352771574025545321e-06 -2.366328447162425415e-06 6.114271733481106148e-07 3.037233901706015047e-06 -9.800828107856900282e-07 1.060310819986224048e-07 7.431262977632809168e-06 -1.057536800383831621e-06 -7.027021331348564432e-06 -1.723816814032417774e-06 -1.119556030202996527e-06 -1.757565423707620802e-06 -9.832593041595887840e-07 -9.819307765181225509e-07 9.706796680094630726e-07 -3.826005960300936409e-07 -2.893097679590206665e-06 5.513172131703797114e-05 3.387085213165966045e-05 -8.209654260527857411e-06 9.175021335425552135e-06 1.666600226928652229e-06 6.438791030611845724e-06 -8.087800942867716502e-08 2.584158943206980114e-08 -3.230773093507820036e-07 2.247848800471082475e-04 2.886997935737725131e-04 1.147928850025488193e-04 4.203673577904081226e-05 -6.909053214190460820e-06 6.499670416802949164e-06 1.176160967345116195e-05 1.404697485005298569e-06 7.501362102040080792e-07 -8.680138723861918793e-07
-2.281194040198195893e-05 3.322977413030540944e-06 5.402793193084247958e-07 -3.540579133768667512e-07 2.235429401864493735e-06 1.130493903459896569e-06 -1.381654321251514832e-06 -9.800828107856900282e-07 1.397351152987233416e-06 -5.690440091658360837e-07 3.212972744200205178e-05 1.187246714420985969e-05 4.538031709036017896e-07 -1.656872298487068149e-06 2.325831007864354336e-08 5.464682786639656183e-07 -4.904493627063030846e-08 1.904474716414771084e-07 3.205127855092793474e-07 -5.745584566541757762e-08 -2.035427934786027257e-04 -4.592606593354172815e-05 -2.046832754509267350e-05 -4.364590934233170424e-06 -2.746849804861744149e-06 2.044479099041165975e-06 -1.985705949690267670e-06 2.653780926534247458e-07 3.994524167245909162e-07 -1.804239235302441206e-07 -7.140298810241781763e-05 -1.665101760921611129e-05 -4.353720148336978331e-05 -7.690377483017834961e-06 -6.424146051022105348e-06 -2.582649603051615327e-06 -4.953567801359555192e-06 1.201848561598110240e-07 6.826101150283609820e-07 -6.000761064384498963e-07
1.193813601933174850e-05 -1.914854003485787993e-06 -2.305723846595329382e-07 1.307408353311143934e-07 -8.242193905895964624e-07 -3.452915018476382406e-07 5.697860253583638133e-07 1.060310819986224048e-07 -5.690440091658360837e-07 3.495437652371944685e-07 -1.921033029391826778e-05 -4.214771802806889369e-06 1.778967461266499014e-07 1.938235371557153299e-06 1.332787854192675176e-06 2.395507806960694098e-07 8.931522023313855678e-07 1.748170931968510421e-08 -4.284097146951576411e-07 1.304096227660587611e-07 8.351508421631304361e-05 1.174533815126858485e-05 3.047410255239690704e-06 3.194932378737664086e-06 -3.542349891626720506e-07 -1.489484086889691822e-06 4.086145105114443756e-08 -9.255175173047197962e-08 -2.665242064592952423e-07 2.232116034875194111e-07 3.682541708553262264e-05 -7.397331835844755129e-06 5.536036703990120388e-06 2.202133669264141833e-06 3.951732785725494334e-06 -1.554120778632107719e-06 1.126757286170806537e-06 -2.827370277078087733e-08 -4.229620848285992996e-07 4.360172419935519719e-07
-1.075128840090139445e-03 -4.424693529354856007e-04 -2.649050891097952929e-04 -3.180167339051736793e-04 -1.000238641944341272e-04 -1.512492997645328862e-04 -2.085849157202550156e-04 7.431262977632809168e-06 3.212972744200205178e-05 -1.921033029391826778e-05 2.258780298261672467e-02 1.660898436894455354e-03 2.169528645199687888e-04 6.249566232277289435e-04 3.424341039882615998e-04 1.764025798686895603e-04 4.291293202775166022e-05 -7.917380777453670844e-05 -3.083781713706257411e-06 2.791316780717041334e-05 -2.022009130086844034e-02 8.815595026787022325e-04 5.253136032269046423e-04 2.517090687880647881e-04 5.063750919378973885e-04 -3.026009804829638857e-05 -1.995553438331930060e-04 9.577907709879297251e-05 -7.561670954398535020e-05 3.434065653025281074e-05 1.025513185713288755e-01 -1.290146488644347382e-02 1.298535240110195365e-03 3.219167298258306283e-03 2.420659832423003276e-03 6.592463573545331683e-04 2.440678282998365897e-04 -4.595304657881042130e-05 -1.557539977270317279e-04 -2.474257782765963305e-05
6.572903118038329060e-04 1.567129830245625618e-04 1.316407611818761901e-04 -1.747864956003259725e-05 -1.899145521044529468e-05 -1.454779578558255298e-05 1.737907218213653014e-05 -1.057536800383831621e-06 1.187246714420985969e-05 -4.214771802806889369e-06 1.660898436894455354e-03 4.089925731943030822e-03 1.221137899763192244e-04 2.933689628576319642e-04 2.923722041382570240e-04 3.103240795638970211e-05 8.432055559180047738e-05 -1.780304798846524435e-05 -2.422517001482488009e-05 2.152810501623983924e-05 -1.238826884992750427e-02 2.372683371832609838e-03 4.503552488694508114e-04 4.571198390131351978e-04 7.633505805942528925e-05 8.819490426930260167e-05 -1.250628834180816918e-04 -5.947211675333260387e-05 -1.663918788594411210e-05 3.037951037681775165e-05 6.337499586790917849e-02 4.077549522365947780e-04 1.856018977161992892e-03 1.112216193265255868e-03 -3.673180789223036381e-04 -1.561856259797591198e-05 3.209962093215538927e-05 1.524044650518268545e-04 -6.532575039069549237e-05 -1.874766902640866986e-05
-2.859285907854296552e-04 -1.234721114037576242e-04 -1.634778641404050457e-04 -8.852431744754377812e-05 -2.062666193489537354e-05 -1.533527455168525480e-05 1.480484977823398909e-06 -7.027021331348564432e-06 4.538031709036017896e-07 1.778967461266499014e-07 2.169528645199687888e-04 1.221137899763192244e-04 4.975843103096293631e-04 3.091042097376183189e-05 2.353622341156703051e-07 -3.567633284717904448e-06 2.753194369996741836e-05 1.790940164654245540e-05 -2.825751917098498577e-06 -6.444578411687894118e-07 -3.187726631133288961e-03 3.014598394802610369e-04 3.281900823296206738e-04 1.598137549546643722e-04 3.312028535727450015e-05 1.202726834989764643e-07 2.367579174764452367e-05 -1.803834846181494403e-05 -1.040046589237537042e-05 5.623871040329837634e-06 1.067979155435645582e-02 -1.655466841368108399e-03 4.778548698441147016e-04 -6.199584415407873202e-04 -4.267677938733922241e-05 -1.022749808523486324e-04 -4.494650713707960398e-05 -5.241787653972388256e-06 -1.046444550305747767e-05 1.328855470991592219e-05
-5.157433931339683574e-05 5.077112761109152644e-05 6.354248291832326788e-06 -2.067678995396146143e-06 -3.234682120378431522e-06 -6.595148791559435014e-06 8.828751731631498632e-07 -1.723816814032417774e-06 -1.656872298487068149e-06 1.938235371557153299e-06 6.249566232277289435e-04 2.933689628576319642e-04 3.091042097376183189e-05 1.655869759335119927e-04 6.019137817502153787e-05 9.535607970294203051e-06 2.345078694844280224e-05 -3.439505018736106835e-06 -1.115386575116336217e-05 5.788414137460670159e-06 -1.132544545010658651e-03 -2.721326486292770415e-04 -3.215313636380372794e-05 -7.842940629283802760e-05 -1.730894954914432134e-05 -4.854207056097874207e-05 -5.501659846181018157e-05 -1.126367216602580516e-05 -6.205758812390412768e-06 8.395832837080590680e-06 9.402224126705112373e-03 -9.161759514461404906e-04 3.939037512436060866e-04 8.019551212264649576e-05 1.284388798707250317e-04 -2.245303698916913324e-05 5.344978390626467166e-05 1.142658439746494151e-05 -2.047360791913172673e-05 3.051906441594838545e-06
4.533614223062166332e-05 2.311187512745565612e-05 1.985051213003391149e-05 -1.889614731745086021e-06 -4.353312683870455792e-06 -4.947504174876387469e-06 5.063321268024683116e-07 -1.119556030202996527e-06 2.325831007864354336e-08 1.332787854192675176e-06 3.424341039882615998e-04 2.923722041382570240e-04 2.353622341156703051e-07 6.019137817502153787e-05 7.425084555758967365e-05 2.397304432829816548e-05 2.031044391692773658e-05 -5.173650227027531203e-06 -7.146482222153325020e-06 3.617301647028726505e-06 -5.767336464196216698e-04 2.987174634825630858e-04 -7.969970261789684435e-05 2.590365520204617153e-05 -2.829856783167507793e-06 -5.501793702940296161e-06 -2.492333919384791732e-05 2.501426608498918768e-06 -5.129498955508449627e-06 4.628893821490446671e-06 7.121688544530492028e-03 1.122754590078767700e-04 4.172120899565098817e-05 3.296058039681006024e-04 9.789497813524292180e-05 -9.027985085101033881e-06 1.965398001042884633e-05 1.803110904179144907e-05 -1.385281782455439749e-05 1.758171670416239822e-07
2.701788197069200108e-05 -9.489023811309495030e-06 4.772971847518302769e-06 -1.817344682226451118e-06 2.732462795246678783e-06 -3.497023860045480887e-06 -9.929286601315516755e-07 -1.757565423707620802e-06 5.464682786639656183e-07 2.395507806960694098e-07 1.764025798686895603e-04 3.103240795638970211e-05 -3.567633284717904448e-06 9.535607970294203051e-06 2.397304432829816548e-05 3.454598354749791034e-05 8.295342539452751237e-06 2.588981685164121061e-07 -3.977078517541656714e-06 1.346081311903463538e-06 -5.459997323800135430e-04 2.656938880001201648e-04 -8.991210622106205928e-05 5.053911518194878895e-05 -9.830625289864614063e-06 -9.590823147052122109e-06 -1.710738982049857441e-05 -1.760499439122944501e-07 -1.326063687338826716e-06 1.528728388644776654e-06 -1.722341217428955979e-03 3.793777922086554160e-04 7.663975640759533128e-06 5.541131288806210720e-05 1.928796999455276525e-05 -3.120537097682050135e-05 -4.643917683639726294e-06 3.485802180782430180e-06 -8.047375330023716817e-07 -2.154277615707767253e-06
2.344611195198483813e-05 -2.198586486008008767e-05 -3.841048529943040226e-06 -7.104650411705988128e-06 -3.240423313788221017e-06 -2.348728248795568959e-06 -3.859607507306383026e-07 -9.832593041595887840e-07 -4.904493627063030846e-08 8.931522023313855678e-07 4.291293202775166022e-05 8.432055559180047738e-05 2.753194369996741836e-05 2.345078694844280224e-05 2.031044391692773658e-05 8.295342539452751237e-06 2.391138318665410095e-05 3.821400011674076966e-06 -4.133268652892788065e-06 3.547814049506922723e-07 -2.054280068631539921e-04 7.909706730528298841e-05 -1.636938107606519940e-05 2.329881466365062883e-05 -4.821135942807226244e-06 9.355092233604096806e-06 -2.931369284661993485e-06 -2.422182452426370712e-06 -4.243791727941841435e-06 2.994168899242656311e-06 3.086357638785228348e-03 4.778501405506415062e-05 1.329268159593749172e-04 6.921132903880412282e-05 3.730635852960618228e-05 -1.103481303538402415e-05 4.075971150589807866e-06 9.015012803777087554e-06 -5.763685636387163052e-06 1.861183482352894121e-07
-3.181362576407144943e-06 -5.471080972160691492e-06 -4.080066084053936003e-06 -2.278192642198323284e-06 6.128462028091243836e-07 3.151697317962954217e-07 9.913772341784810113e-07 -9.819307765181225509e-07 1.904474716414771084e-07 1.748170931968510421e-08 -7.917380777453670844e-05 -1.780304798846524435e-05 1.790940164654245540e-05 -3.439505018736106835e-06 -5.173650227027531203e-06 2.588981685164121061e-07 3.821400011674076966e-06 4.563628002196019049e-06 -8.495213481303198496e-07 -2.114481023711746563e-07 -1.428933725776033200e-04 -5.266827316053834221e-05 3.205946044016035850e-06 8.525776897533190421e-06 -7.719277283155639562e-06 2.810531875055480797e-06 6.005097735906090144e-08 5.717606636595334847e-08 -1.464246263243835900e-06 7.621183809762351684e-07 -9.967714125152806436e-04 -9.285648239931199065e-05 1.288163218298217657e-04 -2.794387105482220435e-05 -7.590380967248585838e-06 -8.687893269720370508e-06 -1.101097729725502196e-06 -6.207277859217478564e-07 -1.200896955565185148e-06 1.404031728166399333e-06
-1.673303917868442989e-05 -1.454738654096104838e-06 -1.189764193563021368e-06 4.593658232169197961e-07 1.124365479891387629e-06 1.184867688930743492e-06 -3.061952756981216317e-07 9.706796680094630726e-07 3.205127855092793474e-07 -4.284097146951576411e-07 -3.083781713706257411e-06 -2.422517001482488009e-05 -2.825751917098498577e-06 -1.115386575116336217e-05 -7.146482222153325020e-06 -3.977078517541656714e-06 -4.133268652892788065e-06 -8.495213481303198496e-07 2.195388506620492504e-06 -8.892363536206953074e-07 1.611804180657110087e-04 2.843490822938692333e-05 2.012537448634619044e-05 -4.959113942300137284e-06 7.218138862207958575e-06 2.798103997867357862e-06 5.059795617200869536e-06 5.819528740754614666e-07 1.182923820584587353e-06 -1.162299713315041189e-06 -3.055046458088487345e-04 1.464285764047655125e-04 -4.261717357351704560e-05 -8.983378833675770739e-07 -7.701140255374500229e-06 8.207218090456988821e-06 -3.215130836752553602e-06 -1.034566656231991285e-06 2.552162917695289057e-06 -7.367039564526045673e-07
8.965689829000440282e-06 1.918268283529393636e-06 9.720141241592893741e-07 -2.558532402295747330e-07 -1.070460560700976553e-06 -8.859983110358068159e-07 -3.093846952081728715e-07 -3.826005960300936409e-07 -5.745584566541757762e-08 1.304096227660587611e-07 2.791316780717041334e-05 2.152810501623983924e-05 -6.444578411687894118e-07 5.788414137460670159e-06 3.617301647028726505e-06 1.346081311903463538e-06 3.547814049506922723e-07 -2.114481023711746563e-07 -8.892363536206953074e-07 6.383621670895763606e-07 -1.756036499000198194e-04 -2.155059989431197220e-05 -3.026896102225960677e-06 1.962106494103854153e-06 -2.172701168794456310e-06 -1.780601375036453924e-06 -2.753476332695035100e-06 -2.942735758032105847e-07 -4.238630713957013489e-07 5.409344866426790831e-07 3.176402273343076842e-04 -5.292658027912097246e-05 1.467214713477500357e-05 5.198280559188794486e-06 1.233994961963306851e-06 -5.289783753109577673e-06 1.267923449855013273e-06 4.632210192873444712e-07 -1.191833916204322310e-06 3.513036037213817732e-07
3.080667599397019906e-03 -1.520943290442858861e-03 8.334111922859153195e-04 9.790645738424804539e-04 6.439492262360051872e-04 4.778543974754650265e-04 2.752454807373738168e-04 -2.893097679590206665e-06 -2.035427934786027257e-04 8.351508421631304361e-05 -2.022009130086844034e-02 -1.238826884992750427e-02 -3.187726631133288961e-03 -1.132544545010658651e-03 -5.767336464196216698e-04 -5.459997323800135430e-04 -2.054280068631539921e-04 -1.428933725776033200e-04 1.611804180657110087e-04 -1.756036499000198194e-04 2.337529671543632226e-01 2.953019812588506335e-02 3.554746178311642482e-03 4.529152388700597690e-04 1.007535938420345929e-03 1.144770520466497203e-05 6.921698066354235691e-04 1.038861086774270847e-04 3.150797477474406361e-04 -2.771201231480018359e-04 -1.408346042375195339e-01 3.183204517695242125e-02 -1.139785306350873245e-02 7.696885861572161369e-03 7.151584622073353659e-03 4.655250903310450411e-03 5.130159835627700953e-04 -5.551334481311756130e-05 -7.248582461465126958e-05 6.782875940037903480e-05
1.453204402528958557e-03 -1.088645599886399733e-03 6.067092996691014040e-05 -7.679172285489675254e-05 1.117228375054708160e-04 1.291184649380592535e-05 2.805103999816452266e-05 5.513172131703797114e-05 -4.592606593354172815e-05 1.174533815126858485e-05 8.815595026787022325e-04 2.372683371832609838e-03 3.014598394802610369e-04 -2.721326486292770415e-04 2.987174634825630858e-04 2.656938880001201648e-04 7.909706730528298841e-05 -5.266827316053834221e-05 2.843490822938692333e-05 -2.155059989431197220e-05 2.953019812588506335e-02 2.556991223710780581e-02 4.238362228795808546e-03 2.294947121229767417e-03 1.149832456346717297e-03 -2.422152015960421577e-05 2.373781400423507929e-04 -1.723142608986529326e-04 9.514553024475009668e-05 -4.113690462976528974e-05 4.485746333465912700e-02 3.606449169357058698e-02 -1.708874785798493532e-03 3.648451920964282738e-03 1.270868706447048459e-04 3.667109704144015225e-04 -1.350464146118180440e-04 4.737925581822967770e-04 -1.571466080367623405e-04 6.531200394692268790e-06
6.422784243921632634e-04 -4.586468939395439703e-04 -7.177104161804000225e-05 -8.885074717125682263e-05 -8.746883506304458863e-05 -3.332451633961670785e-05 -2.691533825280987180e-05 3.387085213165966045e-05 -2.046832754509267350e-05 3.047410255239690704e-06 5.253136032269046423e-04 4.503552488694508114e-04 3.281900823296206738e-04 -3.215313636380372794e-05 -7.969970261789684435e-05 -8.991210622106205928e-05 -1.636938107606519940e-05 3.205946044016035850e-06 2.012537448634619044e-05 -3.026896102225960677e-06 3.554746178311642482e-03 4.238362228795808546e-03 2.826651976331558472e-03 6.401439845538003850e-04 4.080066009514438097e-04 5.509015821767521083e-05 1.783482390003559583e-04 -4.611292869003421160e-05 -1.094534380820717212e-05 5.407245713538026642e-06 2.163683192475290146e-02 7.984377664873839112e-03 1.971735863480257849e-03 1.138008298655177660e-03 7.265277050952598258e-05 5.876379420374908455e-05 1.108084598521417070e-05 1.324203599114984003e-04 -5.933182437738776304e-05 3.163138754998668636e-05
5.434699064191209506e-04 -2.477710950247068904e-04 -7.375266210028171346e-05 -4.348122958365399410e-05 -1.658583392557516143e-05 -2.907845509428436196e-06 -1.977753964799904094e-05 -8.209654260527857411e-06 -4.364590934233170424e-06 3.194932378737664086e-06 2.517090687880647881e-04 4.571198390131351978e-04 1.598137549546643722e-04 -7.842940629283802760e-05 2.590365520204617153e-05 5.053911518194878895e-05 2.329881466365062883e-05 8.525776897533190421e-06 -4.959113942300137284e-06 1.962106494103854153e-06 4.529152388700597690e-04 2.294947121229767417e-03 6.401439845538003850e-04 7.820419598558893534e-04 8.185782620871163409e-05 4.740323877483554956e-05 3.480153154810854908e-05 -6.810030346200004582e-06 -1.254487467854034328e-05 5.959924547222381404e-06 -1.659309488360601178e-03 2.586003914823522837e-03 -9.856916582697123046e-04 5.560666998639019512e-05 2.811070314121093272e-05 -1.482930603009654789e-05 -2.874083820702282962e-05 6.456746967567416023e-05 -3.197164953797080250e-05 8.672229474844485639e-06
7.576803645401397497e-06 -7.151628826874939060e-05 -5.557099166494810664e-06 -1.665093589722173564e-05 -1.101975410021806173e-05 -5.270224737872175648e-06 -4.002379009764556907e-06 9.175021335425552135e-06 -2.746849804861744149e-06 -3.542349891626720506e-07 5.063750919378973885e-04 7.633505805942528925e-05 3.312028535727450015e-05 -1.730894954914432134e-05 -2.829856783167507793e-06 -9.830625289864614063e-06 -4.821135942807226244e-06 -7.719277283155639562e-06 7.218138862207958575e-06 -2.172701168794456310e-06 1.007535938420345929e-03 1.149832456346717297e-03 4.080066009514438097e-04 8.185782620871163409e-05 1.243055280584722032e-04 1.987984703900733178e-05 4.645363160333243057e-05 -7.282054991969118362e-06 1.987998215300106576e-06 -2.871146354331741870e-06 7.948814076693729719e-03 2.106842648276529943e-03 2.779295788999347450e-05 3.183680225978084157e-04 4.662068891937822733e-05 4.999515313679158931e-05 1.389030960370189048e-05 2.330657047665957420e-05 -1.302246847939191192e-05 1.348969906661616818e-06
1.043355310752777177e-04 -3.571311472391558380e-05 1.065507564987526024e-05 2.582987197392743045e-06 -1.218848937348015392e-06 3.982196357530666125e-06 -6.293870542133032319e-07 1.666600226928652229e-06 2.044479099041165975e-06 -1.489484086889691822e-06 -3.026009804829638857e-05 8.819490426930260167e-05 1.202726834989764643e-07 -4.854207056097874207e-05 -5.501793702940296161e-06 -9.590823147052122109e-06 9.355092233604096806e-06 2.810531875055480797e-06 2.798103997867357862e-06 -1.780601375036453924e-06 1.144770520466497203e-05 -2.422152015960421577e-05 5.509015821767521083e-05 4.740323877483554956e-05 1.987984703900733178e-05 9.327186039204979709e-05 3.522299281378992917e-05 7.526553546958030593e-06 -8.370299035361412153e-06 -3.728560048718057245e-07 7.191614827482551917e-03 8.605609797413312639e-04 2.408029197245125622e-04 2.572263185462096940e-04 6.205399553267277484e-05 4.848629228279209525e-05 2.206274145727195310e-05 1.271243858982001148e-05 -4.225778480052794846e-06 -4.218913201127053554e-06
2.575844891959975253e-05 -3.057217635826242364e-05 -9.146190830050495628e-06 -1.268791026964458189e-05 -1.583596104271172664e-05 -5.136706423364556619e-06 -1.672321301374781735e-06 6.438791030611845724e-06 -1.985705949690267670e-06 4.086145105114443756e-08 -1.995553438331930060e-04 -1.250628834180816918e-04 2.367579174764452367e-05 -5.501659846181018157e-05 -2.492333919384791732e-05 -1.710738982049857441e-05 -2.931369284661993485e-06 6.005097735906090144e-08 5.059795617200869536e-06 -2.753476332695035100e-06 6.921698066354235691e-04 2.373781400423507929e-04 1.783482390003559583e-04 3.480153154810854908e-05 4.645363160333243057e-05 3.522299281378992917e-05 5.474051787762309690e-05 3.853043186831453954e-07 -2.440943507890308980e-07 -2.839405800309829985e-06 6.195096956271899861e-05 1.017217332319335626e-03 1.122880607671022804e-04 3.614709839717374838e-05 -3.987403550291816252e-05 2.762999175009809032e-05 2.008414883210494803e-05 5.415340515566820220e-06 -1.652756884705808570e-08 2.924244604185175494e-07
3.685679999274360687e-05 1.149993898248159155e-05 9.506022388735828980e-06 4.894799311257723180e-06 3.097979186479973248e-06 3.652876993181171111e-06 4.254573043240901849e-08 -8.087800942867716502e-08 2.653780926534247458e-07 -9.255175173047197962e-08 9.577907709879297251e-05 -5.947211675333260387e-05 -1.803834846181494403e-05 -1.126367216602580516e-05 2.501426608498918768e-06 -1.760499439122944501e-07 -2.422182452426370712e-06 5.717606636595334847e-08 5.819528740754614666e-07 -2.942735758032105847e-07 1.038861086774270847e-04 -1.723142608986529326e-04 -4.611292869003421160e-05 -6.810030346200004582e-06 -7.282054991969118362e-06 7.526553546958030593e-06 3.853043186831453954e-07 1.009761902798701381e-05 -2.837577711798065427e-06 1.133906197051105060e-07 -1.709445321761417181e-04 -5.416855070819305649e-04 -1.891491916799165421e-05 8.755686849868856163e-05 5.046472510861897172e-05 2.589080924206483593e-05 8.128417510611734987e-06 -3.014850865209005051e-06 -1.089099611368829747e-06 4.616318993515619164e-07
-1.646700770146878947e-05 4.544117143560243971e-06 -3.074221768521242387e-06 9.627745210010409239e-07 1.462351558026180308e-06 6.929065496551918470e-07 1.045568823223965653e-07 2.584158943206980114e-08 3.994524167245909162e-07 -2.665242064592952423e-07 -7.561670954398535020e-05 -1.663918788594411210e-05 -1.040046589237537042e-05 -6.205758812390412768e-06 -5.129498955508449627e-06 -1.326063687338826716e-06 -4.243791727941841435e-06 -1.464246263243835900e-06 1.182923820584587353e-06 -4.238630713957013489e-07 3.150797477474406361e-04 9.514553024475009668e-05 -1.094534380820717212e-05 -1.254487467854034328e-05 1.987998215300106576e-06 -8.370299035361412153e-06 -2.440943507890308980e-07 -2.837577711798065427e-06 4.969020380619743525e-06 -2.486060539019483357e-06 -1.428644472487550134e-03 1.586484800772014925e-04 -8.288225735263194543e-05 -5.732818686846165377e-05 -2.768130126257297471e-05 5.430884639629322646e-07 -5.957330768601497077e-06 -3.482721229633081694e-06 4.699028145197648526e-06 -1.599100931809191070e-06
3.197714804820273291e-06 -6.689824324973238342e-07 3.016874073684860171e-06 -8.057133619056414290e-07 -7.398662756823973313e-07 -9.844782597795899301e-07 -1.523639314962480577e-07 -3.230773093507820036e-07 -1.804239235302441206e-07 2.232116034875194111e-07 3.434065653025281074e-05 3.037951037681775165e-05 5.623871040329837634e-06 8.395832837080590680e-06 4.628893821490446671e-06 1.528728388644776654e-06 2.994168899242656311e-06 7.621183809762351684e-07 -1.162299713315041189e-06 5.409344866426790831e-07 -2.771201231480018359e-04 -4.113690462976528974e-05 5.407245713538026642e-06 5.959924547222381404e-06 -2.871146354331741870e-06 -3.728560048718057245e-07 -2.839405800309829985e-06 1.133906197051105060e-07 -2.486060539019483357e-06 1.890159006945538512e-06 6.426629000961047540e-04 -8.033865738300254163e-05 4.322718974429980577e-05 1.996709482944935394e-05 4.019670049302883643e-06 -7.378037458072125339e-06 2.485313451007520524e-07 2.723967160912487816e-06 -2.941261953883545631e-06 1.232506118466445602e-06
1.552878011243926173e-02 -4.710829900385315495e-03 1.691952625145144240e-03 -6.699562768732872711e-05 9.302717580645873240e-04 1.198251504271500211e-03 7.670201251812186743e-04 2.247848800471082475e-04 -7.140298810241781763e-05 3.682541708553262264e-05 1.025513185713288755e-01 6.337499586790917849e-02 1.067979155435645582e-02 9.402224126705112373e-03 7.121688544530492028e-03 -1.722341217428955979e-03 3.086357638785228348e-03 -9.967714125152806436e-04 -3.055046458088487345e-04 3.176402273343076842e-04 -1.408346042375195339e-01 4.485746333465912700e-02 2.163683192475290146e-02 -1.659309488360601178e-03 7.948814076693729719e-03 7.191614827482551917e-03 6.195096956271899861e-05 -1.709445321761417181e-04 -1.428644472487550134e-03 6.426629000961047540e-04 3.389642849839724636e+00 -9.214746750456986879e-02 2.346429207139145989e-02 5.097124939053157555e-02 2.029543626588927244e-02 5.782296646412601535e-03 8.284158688503324899e-04 3.929361787818403534e-03 -2.786832197270207052e-03 2.680255310689030424e-05
-1.941334862019211942e-03 -1.448440383118836843e-03 2.872368299409905649e-04 -1.143548260826351276e-04 -3.837356411682976112e-04 -4.112646089790917615e-04 -1.879264804739242268e-04 2.886997935737725131e-04 -1.665101760921611129e-05 -7.397331835844755129e-06 -1.290146488644347382e-02 4.077549522365947780e-04 -1.655466841368108399e-03 -9.161759514461404906e-04 1.122754590078767700e-04 3.793777922086554160e-04 4.778501405506415062e-05 -9.285648239931199065e-05 1.464285764047655125e-04 -5.292658027912097246e-05 3.183204517695242125e-02 3.606449169357058698e-02 7.984377664873839112e-03 2.586003914823522837e-03 2.106842648276529943e-03 8.605609797413312639e-04 1.017217332319335626e-03 -5.416855070819305649e-04 1.586484800772014925e-04 -8.033865738300254163e-05 -9.214746750456986879e-02 1.837574526592717084e-01 3.757614094080106385e-03 1.063672914158851970e-02 -2.287895081046131904e-03 -1.952679165120977138e-03 9.114378666696366319e-04 1.072242205108702752e-03 -8.160289052384038771e-05 -9.601865679382172328e-05
1.016661483818886514e-03 3.740743083072346244e-04 1.157211436467716140e-04 -2.454385102680599058e-04 -3.998084489930937130e-04 -3.494269196908551681e-04 1.165353178671658788e-04 1.147928850025488193e-04 -4.353720148336978331e-05 5.536036703990120388e-06 1.298535240110195365e-03 1.856018977161992892e-03 4.778548698441147016e-04 3.939037512436060866e-04 4.172120899565098817e-05 7.663975640759533128e-06 1.329268159593749172e-04 1.288163218298217657e-04 -4.261717357351704560e-05 1.467214713477500357e-05 -1.139785306350873245e-02 -1.708874785798493532e-03 1.971735863480257849e-03 -9.856916582697123046e-04 2.779295788999347450e-05 2.408029197245125622e-04 1.122880607671022804e-04 -1.891491916799165421e-05 -8.288225735263194543e-05 4.322718974429980577e-05 2.346429207139145989e-02 3.757614094080106385e-03 2.790902435281953156e-02 4.288447420928952203e-03 9.730989394837538534e-04 4.620131375161051074e-04 1.273510866260146998e-03 -2.295239984290016434e-04 -6.281816778725497676e-05 -4.619675698113167563e-06
9.044669647282008998e-04 -9.636631443761965103e-05 3.999177567955986413e-04 6.731098408511587705e-05 -5.649133959249062807e-05 -3.926116579554519612e-05 -9.362764863215863463e-06 4.203673577904081226e-05 -7.690377483017834961e-06 2.202133669264141833e-06 3.219167298258306283e-03 1.112216193265255868e-03 -6.199584415407873202e-04 8.019551212264649576e-05 3.296058039681006024e-04 5.541131288806210720e-05 6.921132903880412282e-05 -2.794387105482220435e-05 -8.983378833675770739e-07 5.198280559188794486e-06 7.696885861572161369e-03 3.648451920964282738e-03 1.138008298655177660e-03 5.560666998639019512e-05 3.183680225978084157e-04 2.572263185462096940e-04 3.614709839717374838e-05 8.755686849868856163e-05 -5.732818686846165377e-05 1.996709482944935394e-05 5.097124939053157555e-02 1.063672914158851970e-02 4.288447420928952203e-03 5.814277350870163293e-03 1.476909200879339195e-03 4.483988069910614573e-04 2.820337414617062706e-04 1.549741617338960484e-04 -1.213183145402580630e-04 4.679675526337885476e-06
2.037442169991647914e-04 -1.474939033347931222e-04 -1.277292072838074718e-05 -1.415602693625367150e-06 -5.988199316748445261e-06 -1.158774146307255111e-05 -1.367536717927021793e-05 -6.909053214190460820e-06 -6.424146051022105348e-06 3.951732785725494334e-06 2.420659832423003276e-03 -3.673180789223036381e-04 -4.267677938733922241e-05 1.284388798707250317e-04 9.789497813524292180e-05 1.928796999455276525e-05 3.730635852960618228e-05 -7.590380967248585838e-06 -7.701140255374500229e-06 1.233994961963306851e-06 7.151584622073353659e-03 1.270868706447048459e-04 7.265277050952598258e-05 2.811070314121093272e-05 4.662068891937822733e-05 6.205399553267277484e-05 -3.987403550291816252e-05 5.046472510861897172e-05 -2.768130126257297471e-05 4.019670049302883643e-06 2.029543626588927244e-02 -2.287895081046131904e-03 9.730989394837538534e-04 1.476909200879339195e-03 1.229660735773870908e-03 3.522589591423384565e-04 1.628469514666495738e-04 -3.101488790415066036e-05 -5.149555687162718758e-05 7.179102926766930136e-06
2.222521725781239504e-04 4.846307572139917585e-05 4.221375019487248135e-05 1.959195114138234591e-05 1.343484536110004243e-05 1.179073378164417626e-05 2.780667181920251079e-06 6.499670416802949164e-06 -2.582649603051615327e-06 -1.554120778632107719e-06 6.592463573545331683e-04 -1.561856259797591198e-05 -1.022749808523486324e-04 -2.245303698916913324e-05 -9.027985085101033881e-06 -3.120537097682050135e-05 -1.103481303538402415e-05 -8.687893269720370508e-06 8.207218090456988821e-06 -5.289783753109577673e-06 4.655250903310450411e-03 3.667109704144015225e-04 5.876379420374908455e-05 -1.482930603009654789e-05 4.999515313679158931e-05 4.848629228279209525e-05 2.762999175009809032e-05 2.589080924206483593e-05 5.430884639629322646e-07 -7.378037458072125339e-06 5.782296646412601535e-03 -1.952679165120977138e-03 4.620131375161051074e-04 4.483988069910614573e-04 3.522589591423384565e-04 3.482311492150759035e-04 1.361174812993873600e-04 -9.506477031794772456e-06 -1.529911773933832598e-05 -6.737071692613958767e-06
1.424558153999981906e-04 1.100114623694287152e-04 1.952536802995665874e-05 -4.440229732690026209e-06 -2.480234032366049210e-05 -1.722915547191851922e-05 2.490746904060233391e-06 1.176160967345116195e-05 -4.953567801359555192e-06 1.126757286170806537e-06 2.440678282998365897e-04 3.209962093215538927e-05 -4.494650713707960398e-05 5.344978390626467166e-05 1.965398001042884633e-05 -4.643917683639726294e-06 4.075971150589807866e-06 -1.101097729725502196e-06 -3.215130836752553602e-06 1.267923449855013273e-06 5.130159835627700953e-04 -1.350464146118180440e-04 1.108084598521417070e-05 -2.874083820702282962e-05 1.389030960370189048e-05 2.206274145727195310e-05 2.008414883210494803e-05 8.128417510611734987e-06 -5.957330768601497077e-06 2.485313451007520524e-07 8.284158688503324899e-04 9.114378666696366319e-04 1.273510866260146998e-03 2.820337414617062706e-04 1.628469514666495738e-04 1.361174812993873600e-04 2.162829079963328937e-04 -2.927730120572076137e-07 -2.194654029070269356e-05 -2.879769000202834040e-06
7.568460176304933216e-05 -8.644996540964073388e-06 2.691022852899931466e-05 7.147561822249429787e-06 8.531140230366173163e-06 8.390656487820816645e-06 -1.311876427502767021e-06 1.404697485005298569e-06 1.201848561598110240e-07 -2.827370277078087733e-08 -4.595304657881042130e-05 1.524044650518268545e-04 -5.241787653972388256e-06 1.142658439746494151e-05 1.803110904179144907e-05 3.485802180782430180e-06 9.015012803777087554e-06 -6.207277859217478564e-07 -1.034566656231991285e-06 4.632210192873444712e-07 -5.551334481311756130e-05 4.737925581822967770e-04 1.324203599114984003e-04 6.456746967567416023e-05 2.330657047665957420e-05 1.271243858982001148e-05 5.415340515566820220e-06 -3.014850865209005051e-06 -3.482721229633081694e-06 2.723967160912487816e-06 3.929361787818403534e-03 1.072242205108702752e-03 -2.295239984290016434e-04 1.549741617338960484e-04 -3.101488790415066036e-05 -9.506477031794772456e-06 -2.927730120572076137e-07 3.607570852336884360e-05 -1.278242156695781415e-05 1.655959429815215220e-06
-2.527691532601004167e-05 2.320923958903756908e-07 -1.125643026893778535e-05 9.304842101351558890e-07 -1.375957143554473385e-06 -4.971862250234902203e-07 6.542073089900038057e-07 7.501362102040080792e-07 6.826101150283609820e-07 -4.229620848285992996e-07 -1.557539977270317279e-04 -6.532575039069549237e-05 -1.046444550305747767e-05 -2.047360791913172673e-05 -1.385281782455439749e-05 -8.047375330023716817e-07 -5.763685636387163052e-06 -1.200896955565185148e-06 2.552162917695289057e-06 -1.191833916204322310e-06 -7.248582461465126958e-05 -1.571466080367623405e-04 -5.933182437738776304e-05 -3.197164953797080250e-05 -1.302246847939191192e-05 -4.225778480052794846e-06 -1.652756884705808570e-08 -1.089099611368829747e-06 4.699028145197648526e-06 -2.941261953883545631e-06 -2.786832197270207052e-03 -8.160289052384038771e-05 -6.281816778725497676e-05 -1.213183145402580630e-04 -5.149555687162718758e-05 -1.529911773933832598e-05 -2.194654029070269356e-05 -1.278242156695781415e-05 1.523455772342034419e-05 -4.153929008882495181e-06
