3.389642849839724636e+00 -9.214746750456986879e-02 2.346429207139145989e-02 5.097124939053157555e-02 2.029543626588927244e-02 5.782296646412601535e-03 8.284158688503324899e-04 3.929361787818403534e-03 -2.786832197270207052e-03 2.680255310689030424e-05
-9.214746750456986879e-02 1.837574526592717084e-01 3.757614094080106385e-03 1.063672914158851970e-02 -2.287895081046131904e-03 -1.952679165120977138e-03 9.114378666696366319e-04 1.072242205108702752e-03 -8.160289052384038771e-05 -9.601865679382172328e-05
2.346429207139145989e-02 3.757614094080106385e-03 2.790902435281953156e-02 4.288447420928952203e-03 9.730989394837538534e-04 4.620131375161051074e-04 1.273510866260146998e-03 -2.295239984290016434e-04 -6.281816778725497676e-05 -4.619675698113167563e-06
5.097124939053157555e-02 1.063672914158851970e-02 4.288447420928952203e-03 5.814277350870163293e-03 1.476909200879339195e-03 4.483988069910614573e-04 2.820337414617062706e-04 1.549741617338960484e-04 -1.213183145402580630e-04 4.679675526337885476e-06
2.029543626588927244e-02 -2.287895081046131904e-03 9.730989394837538534e-04 1.476909200879339195e-03 1.229660735773870908e-03 3.522589591423384565e-04 1.628469514666495738e-04 -3.101488790415066036e-05 -5.149555687162718758e-05 7.179102926766930136e-06
5.782296646412601535e-03 -1.952679165120977138e-03 4.620131375161051074e-04 4.483988069910614573e-04 3.522589591423384565e-04 3.482311492150759035e-04 1.361174812993873600e-04 -9.506477031794772456e-06 -1.529911773933832598e-05 -6.737071692613958767e-06
8.284158688503324899e-04 9.114378666696366319e-04 1.273510866260146998e-03 2.820337414617062706e-04 1.628469514666495738e-04 1.361174812993873600e-04 2.162829079963328937e-04 -2.927730120572076137e-07 -2.194654029070269356e-05 -2.879769000202834040e-06
3.929361787818403534e-03 1.072242205108702752e-03 -2.295239984290016434e-04 1.549741617338960484e-04 -3.101488790415066036e-05 -9.506477031794772456e-06 -2.927730120572076137e-07 3.607570852336884360e-05 -1.278242156695781415e-05 1.655959429815215220e-06
-2.786832197270207052e-03 -8.160289052384038771e-05 -6.281816778725497676e-05 -1.213183145402580630e-04 -5.149555687162718758e-05 -1.529911773933832598e-05 -2.194654029070269356e-05 -1.278242156695781415e-05 1.523455772342034419e-05 -4.153929008882495181e-06
2.680255310689030424e-05 -9.601865679382172328e-05 -4.619675698113167563e-06 4.679675526337885476e-06 7.179102926766930136e-06 -6.737071692613958767e-06 -2.879769000202834040e-06 1.655959429815215220e-06 -4.153929008882495181e-06 3.181193208876145956e-06
