2.342057311970962771e-03 -7.507328665036269830e-05 1.966370299311075273e-04 1.064051013001899925e-04 2.496878021150894739e-05 5.982433759137156673e-05 3.213756504113032716e-05 1.028224334850964502e-05 -2.281194040198195893e-05 1.193813601933174850e-05
-7.507328665036269830e-05 2.809398661137587445e-04 8.714049180794902999e-05 3.738320505577908315e-05 1.663510148176401435e-05 1.160540745394320308e-05 1.609916863357737068e-05 3.956047011927707192e-06 3.322977413030540944e-06 -1.914854003485787993e-06
1.966370299311075273e-04 8.714049180794902999e-05 1.226620149254060706e-04 4.842121170707738837e-05 3.006786640559719098e-05 2.086618518115255036e-05 1.027548844415273627e-05 1.886709963208946203e-06 5.402793193084247958e-07 -2.305723846595329382e-07
1.064051013001899925e-04 3.738320505577908315e-05 4.842121170707738837e-05 3.414150852740798538e-05 2.344441921071410337e-05 1.803801286098528946e-05 8.045627403683221093e-06 -6.539269809758313313e-07 -3.540579133768667512e-07 1.307408353311143934e-07
2.496878021150894739e-05 1.663510148176401435e-05 3.006786640559719098e-05 2.344441921071410337e-05 3.575853412733432702e-05 2.275784743581333146e-05 5.889573470603490663e-06 -4.352771574025545321e-06 2.235429401864493735e-06 -8.242193905895964624e-07
5.982433759137156673e-05 1.160540745394320308e-05 2.086618518115255036e-05 1.803801286098528946e-05 2.275784743581333146e-05 1.846521839761119734e-05 4.489647594466116122e-06 -2.366328447162425415e-06 1.130493903459896569e-06 -3.452915018476382406e-07
3.213756504113032716e-05 1.609916863357737068e-05 1.027548844415273627e-05 8.045627403683221093e-06 5.889573470603490663e-06 4.489647594466116122e-06 8.014541096869567502e-06 6.114271733481106148e-07 -1.381654321251514832e-06 5.697860253583638133e-07
1.028224334850964502e-05 3.956047011927707192e-06 1.886709963208946203e-06 -6.539269809758313313e-07 -4.352771574025545321e-06 -2.366328447162425415e-06 6.114271733481106148e-07 3.037233901706015047e-06 -9.800828107856900282e-07 1.060310819986224048e-07
-2.281194040198195893e-05 3.322977413030540944e-06 5.402793193084247958e-07 -3.540579133768667512e-07 2.235429401864493735e-06 1.130493903459896569e-06 -1.381654321251514832e-06 -9.800828107856900282e-07 1.397351152987233416e-06 -5.690440091658360837e-07
1.193813601933174850e-05 -1.914854003485787993e-06 -2.305723846595329382e-07 1.307408353311143934e-07 -8.242193905895964624e-07 -3.452915018476382406e-07 5.697860253583638133e-07 1.060310819986224048e-07 -5.690440091658360837e-07 3.495437652371944685e-07
