2.258780298261672467e-02 1.660898436894455354e-03 2.169528645199687888e-04 6.249566232277289435e-04 3.424341039882615998e-04 1.764025798686895603e-04 4.291293202775166022e-05 -7.917380777453670844e-05 -3.083781713706257411e-06 2.791316780717041334e-05
1.660898436894455354e-03 4.089925731943030822e-03 1.221137899763192244e-04 2.933689628576319642e-04 2.923722041382570240e-04 3.103240795638970211e-05 8.432055559180047738e-05 -1.780304798846524435e-05 -2.422517001482488009e-05 2.152810501623983924e-05
2.169528645199687888e-04 1.221137899763192244e-04 4.975843103096293631e-04 3.091042097376183189e-05 2.353622341156703051e-07 -3.567633284717904448e-06 2.753194369996741836e-05 1.790940164654245540e-05 -2.825751917098498577e-06 -6.444578411687894118e-07
6.249566232277289435e-04 2.933689628576319642e-04 3.091042097376183189e-05 1.655869759335119927e-04 6.019137817502153787e-05 9.535607970294203051e-06 2.345078694844280224e-05 -3.439505018736106835e-06 -1.115386575116336217e-05 5.788414137460670159e-06
3.424341039882615998e-04 2.923722041382570240e-04 2.353622341156703051e-07 6.019137817502153787e-05 7.425084555758967365e-05 2.397304432829816548e-05 2.031044391692773658e-05 -5.173650227027531203e-06 -7.146482222153325020e-06 3.617301647028726505e-06
1.764025798686895603e-04 3.103240795638970211e-05 -3.567633284717904448e-06 9.535607970294203051e-06 2.397304432829816548e-05 3.454598354749791034e-05 8.295342539452751237e-06 2.588981685164121061e-07 -3.977078517541656714e-06 1.346081311903463538e-06
4.291293202775166022e-05 8.432055559180047738e-05 2.753194369996741836e-05 2.345078694844280224e-05 2.031044391692773658e-05 8.295342539452751237e-06 2.391138318665410095e-05 3.821400011674076966e-06 -4.133268652892788065e-06 3.547814049506922723e-07
-7.917380777453670844e-05 -1.780304798846524435e-05 1.790940164654245540e-05 -3.439505018736106835e-06 -5.173650227027531203e-06 2.588981685164121061e-07 3.821400011674076966e-06 4.563628002196019049e-06 -8.495213481303198496e-07 -2.114481023711746563e-07
-3.083781713706257411e-06 -2.422517001482488009e-05 -2.825751917098498577e-06 -1.115386575116336217e-05 -7.146482222153325020e-06 -3.977078517541656714e-06 -4.133268652892788065e-06 -8.495213481303198496e-07 2.195388506620492504e-06 -8.892363536206953074e-07
2.791316780717041334e-05 2.152810501623983924e-05 -6.444578411687894118e-07 5.788414137460670159e-06 3.617301647028726505e-06 1.346081311903463538e-06 3.547814049506922723e-07 -2.114481023711746563e-07 -8.892363536206953074e-07 6.383621670895763606e-07
