2.337529671543632226e-01 2.953019812588506335e-02 3.554746178311642482e-03 4.529152388700597690e-04 1.007535938420345929e-03 1.144770520466497203e-05 6.921698066354235691e-04 1.038861086774270847e-04 3.150797477474406361e-04 -2.771201231480018359e-04
2.953019812588506335e-02 2.556991223710780581e-02 4.238362228795808546e-03 2.294947121229767417e-03 1.149832456346717297e-03 -2.422152015960421577e-05 2.373781400423507929e-04 -1.723142608986529326e-04 9.514553024475009668e-05 -4.113690462976528974e-05
3.554746178311642482e-03 4.238362228795808546e-03 2.826651976331558472e-03 6.401439845538003850e-04 4.080066009514438097e-04 5.509015821767521083e-05 1.783482390003559583e-04 -4.611292869003421160e-05 -1.094534380820717212e-05 5.407245713538026642e-06
4.529152388700597690e-04 2.294947121229767417e-03 6.401439845538003850e-04 7.820419598558893534e-04 8.185782620871163409e-05 4.740323877483554956e-05 3.480153154810854908e-05 -6.810030346200004582e-06 -1.254487467854034328e-05 5.959924547222381404e-06
1.007535938420345929e-03 1.149832456346717297e-03 4.080066009514438097e-04 8.185782620871163409e-05 1.243055280584722032e-04 1.987984703900733178e-05 4.645363160333243057e-05 -7.282054991969118362e-06 1.987998215300106576e-06 -2.871146354331741870e-06
1.144770520466497203e-05 -2.422152015960421577e-05 5.509015821767521083e-05 4.740323877483554956e-05 1.987984703900733178e-05 9.327186039204979709e-05 3.522299281378992917e-05 7.526553546958030593e-06 -8.370299035361412153e-06 -3.728560048718057245e-07
6.921698066354235691e-04 2.373781400423507929e-04 1.783482390003559583e-04 3.480153154810854908e-05 4.645363160333243057e-05 3.522299281378992917e-05 5.474051787762309690e-05 3.853043186831453954e-07 -2.440943507890308980e-07 -2.839405800309829985e-06
1.038861086774270847e-04 -1.723142608986529326e-04 -4.611292869003421160e-05 -6.810030346200004582e-06 -7.282054991969118362e-06 7.526553546958030593e-06 3.853043186831453954e-07 1.009761902798701381e-05 -2.837577711798065427e-06 1.133906197051105060e-07
3.150797477474406361e-04 9.514553024475009668e-05 -1.094534380820717212e-05 -1.254487467854034328e-05 1.987998215300106576e-06 -8.370299035361412153e-06 -2.440943507890308980e-07 -2.837577711798065427e-06 4.969020380619743525e-06 -2.486060539019483357e-06
-2.771201231480018359e-04 -4.113690462976528974e-05 5.407245713538026642e-06 5.959924547222381404e-06 -2.871146354331741870e-06 -3.728560048718057245e-07 -2.839405800309829985e-06 1.133906197051105060e-07 -2.486060539019483357e-06 1.890159006945538512e-06
