2.001200479225548421e-03 5.274952585544982362e-04 3.371461280857283036e-04 2.825746742973952725e-04 1.348717205534231923e-04 9.943144574161743492e-05 5.032929851923554086e-05 -3.302948620526631999e-05 1.129068235830873058e-03 1.230513397602860386e-04 1.081292138014552804e-04 -3.851636445595836838e-05 1.456775534434771920e-05 2.582195645793924961e-05 3.233096375652738679e-05 -1.868136255334081004e-05 1.143078086010884025e-03 -2.290490421282860166e-04 1.811682592743893362e-04 4.307025120714924517e-05 -3.204171936897881195e-06 2.543150288866023661e-05 -1.046051401641881805e-05 -7.692975749887422748e-07 1.769805817060763394e-03 -2.337470465256282631e-04 9.034583017422520771e-06 1.242542444908211635e-04 7.282212321560212469e-05 7.044492675282738436e-05 4.489011600960739613e-05 -2.075456941764676366e-05 2.382540008613026356e-03 1.508454257435057539e-04 -1.042757820266217503e-04 1.118705391347664239e-04 1.138437947666626660e-04 9.699892229209825217e-05 -4.915416845514647050e-07 -1.770698815065914372e-05 -3.039810129912332948e-04 1.923106177887725114e-04 2.666978411848539617e-04 8.827133508424023071e-05 1.281777413902250259e-04 7.554569576114434552e-05 6.047620168776665493e-05 -4.778279764970814959e-05
5.274952585544982362e-04 5.101253688789214938e-04 1.919529508543914612e-04 1.395098717815082111e-04 8.857986030019770508e-05 6.483734546860862478e-05 1.254792171007920684e-05 -1.573887983086308685e-05 3.627429361409302815e-04 2.421776823228946867e-04 8.675955648208511721e-05 5.445589612448174127e-05 8.221034964013519079e-05 7.575356314353906182e-05 5.140596883935985154e-06 -1.152156228633150808e-05 3.023819433757236799e-04 3.330112658826990231e-04 1.401654533023569246e-04 5.458351978766756783e-05 5.748852534998970948e-05 3.661433276822388406e-05 -1.166059097521774907e-05 -5.668890802478767942e-06 2.228636906035127280e-04 1.690749748172195818e-04 8.098598498283788509e-05 7.447481577954961711e-05 2.636810856467688028e-05 6.051665090626479510e-05 1.514495962803660318e-05 -1.080071883050856843e-05 3.691899714482300369e-04 5.336963652371904884e-04 -1.766782410501726523e-05 1.657482064803168797e-04 1.509638131118758967e-04 1.293534736909421497e-04 9.497284252264808491e-06 -2.276082504920234046e-05 -7.157661157890653518e-04 4.638108289696675338e-04 2.080295863265102757e-04 1.904851013926620647e-04 7.881005885662488181e-05 9.290137120481045782e-05 3.646070545360168301e-05 -2.812604195002732578e-05
3.371461280857283036e-04 1.919529508543914612e-04 1.227088496434354330e-04 8.754431021477480782e-05 5.514487032672212827e-05 4.197406732706705275e-05 5.613411948745859993e-06 -6.943083001873847600e-06 2.205583950014359770e-04 7.369046698222576409e-05 2.596918722724574611e-05 1.789173717105354476e-05 2.444987595458728618e-05 2.786320195289513233e-05 6.147573672918929543e-06 -8.413422733244394392e-06 1.631500446264777331e-04 3.575942892696816320e-05 3.311851003390180133e-05 1.015890286829926529e-05 2.507027835425887144e-05 2.201648819626588448e-05 -1.597893928510323692e-05 3.294248928829627456e-06 3.248371816172143439e-04 5.537890362768095929e-05 3.431959389497006205e-05 4.116751416512386900e-05 2.788371334829398235e-05 3.526561606692913542e-05 1.391296838410799936e-05 -6.476986795739834627e-06 1.687588745067278555e-04 1.291208743982959943e-04 -5.632306116754329433e-06 6.923499986358677737e-05 5.263276316936215825e-05 5.077988291025359134e-05 -2.709454684230863915e-06 -5.666926069223957546e-06 -6.734514134189654435e-04 -1.878056331056865506e-05 7.311219730308509833e-05 5.354653885373379473e-05 1.763197436963918335e-05 3.369692147831053014e-05 6.901148684663016604e-06 -7.147614867609524707e-06
2.825746742973952725e-04 1.395098717815082111e-04 8.754431021477480782e-05 9.922499953101406543e-05 5.836853167612393828e-05 3.881481740545506773e-05 7.429658244464139255e-06 -7.645508392936270256e-06 1.267611509247533279e-04 2.381286843198017873e-05 -9.350155213851593289e-06 4.092860595438940644e-06 1.328532494878613801e-05 2.808240552370987425e-05 -8.780121314210527323e-07 -5.023054639336270932e-06 1.338636037723787617e-04 1.689746911198090002e-06 1.123795678240920834e-05 1.533607767652062152e-05 2.097188911145726894e-05 2.580816818915856477e-05 -9.402351971927151589e-06 1.550295868975181460e-06 3.534476122804709047e-04 4.557881065267637766e-05 5.646411972162617440e-05 5.746076933892083240e-05 4.294447587005881982e-05 4.036583670532654168e-05 8.555707753612586670e-06 -4.665248575685945440e-06 8.438411059300560276e-05 2.259127629632097154e-04 -3.926783377567252950e-05 7.494682624831111345e-05 4.949170430656731572e-05 4.780397127488415906e-05 5.116279329205657396e-06 -9.028393375593266146e-06 -5.007086068719867906e-04 1.099533754587948690e-04 3.571345259946565216e-05 4.124413079796738720e-05 3.396078527816766035e-05 3.781795266671929561e-05 5.022030841226301698e-06 -5.873240280652980609e-06
1.348717205534231923e-04 8.857986030019770508e-05 5.514487032672212827e-05 5.836853167612393828e-05 5.810908887906664525e-05 3.819714713486117993e-05 -8.673446989765045588e-07 -2.835382143258039390e-06 -1.482135732317811194e-05 2.942166782277843285e-05 -2.470151812524914897e-05 7.435116700010661805e-06 4.775069170957897704e-06 1.287521997931708651e-05 8.720720559922680119e-07 -4.804678193438045541e-06 1.966321102074952061e-05 2.000597862074696482e-05 -1.826611930175692382e-05 1.177383719428539575e-05 2.393286793395744586e-05 2.258169670511299372e-05 -1.153895566407835486e-05 3.083924517913656453e-06 3.544292943205501543e-04 6.168044016477952217e-05 2.331158594091013855e-05 4.088596101621266583e-05 4.231787941206748103e-05 4.189532907988696155e-05 3.673076730023663674e-06 -4.444074381266789617e-06 1.557875079761262551e-04 1.525061178018757640e-04 -1.103147977585045345e-05 7.071923352299800205e-05 5.596591923040077901e-05 5.146875426214521658e-05 2.675640615823453565e-06 -5.831336642254184541e-06 -3.383360916970081216e-04 -1.085618831240321068e-04 -1.523183312389237927e-05 2.518059205483309346e-05 4.079443183924896696e-05 4.522692016640834386e-05 -3.745145222795490437e-06 -7.869374599141837854e-07
9.943144574161743492e-05 6.483734546860862478e-05 4.197406732706705275e-05 3.881481740545506773e-05 3.819714713486117993e-05 3.373903244220378657e-05 1.603250102759013002e-07 -2.130061890457818109e-06 7.796869948452415889e-05 3.797711410062181288e-05 -2.880692037730435924e-06 1.403491649737006287e-05 7.753978357402269449e-06 1.474415668023469228e-05 4.828587498505185687e-06 -5.310763845713213674e-06 5.355819731468092909e-05 2.165484922357552766e-05 -8.712040088409319697e-06 2.068462189345084751e-06 1.471321384356359236e-05 1.902223906960436554e-05 -4.230875523759845996e-06 1.076801564351015075e-06 2.972988068554032219e-04 1.070166691856936134e-04 3.330059461081567987e-05 2.769323907269185704e-05 2.299425808055087443e-05 2.903038598575363846e-05 7.424744977651310983e-06 -5.577763145702570438e-06 1.483642795731407926e-04 5.407581967609204927e-05 5.765732287266522766e-06 4.060118185955996977e-05 3.442004724713704900e-05 3.906184438795367301e-05 -2.191704477269685291e-06 -9.552001330672249118e-07 -1.921206633085300068e-04 -1.856314338856535938e-05 -1.623757745297450307e-05 1.709602699229907205e-05 3.278139699833223554e-05 4.013712505385038461e-05 -7.483625314420822002e-07 -1.365699593122593209e-06
5.032929851923554086e-05 1.254792171007920684e-05 5.613411948745859993e-06 7.429658244464139255e-06 -8.673446989765045588e-07 1.603250102759013002e-07 1.024068035477408874e-05 -4.293268651349030871e-06 3.732021558514126629e-05 -2.726178362010569945e-05 2.588782642252761434e-06 -1.174670033159657732e-05 -4.793247898743804210e-06 -3.663719765721067483e-06 2.255978813291964148e-07 1.253914048939741447e-06 6.116435870096316430e-05 5.244469647236928714e-06 2.302808000669635713e-05 -3.926474628939514850e-06 -4.836313365124570446e-06 -1.412528353432921151e-07 5.219219909176398052e-06 -2.598273824205837569e-06 4.467046077968673580e-05 -7.003870898994890248e-06 9.621543602051840639e-06 6.497409269079119965e-06 2.836529456993114778e-06 1.125594738348998794e-06 6.907440217000222575e-06 -2.166844026384792654e-06 1.808236388718666913e-04 2.658656251857175433e-05 1.679762305043631205e-05 -1.319198079607619937e-05 -7.570065427000609656e-06 -4.113918838543946402e-06 8.474149060240137633e-06 -3.814440826537935306e-06 -1.779711439717165413e-04 -4.475789802121829227e-05 -4.954381539915171244e-05 -2.670651305462695192e-05 -1.435926829537006253e-05 -5.565519832713273166e-06 9.912513622792256209e-06 -3.766593749925866464e-06
-3.302948620526631999e-05 -1.573887983086308685e-05 -6.943083001873847600e-06 -7.645508392936270256e-06 -2.835382143258039390e-06 -2.130061890457818109e-06 -4.293268651349030871e-06 2.774286849309935179e-06 -3.176708016733591385e-05 1.130522379020391544e-05 -4.314637732316818512e-06 -8.123292723884394909e-07 -2.694973686277241164e-06 -1.533111202571951971e-06 4.974194621744677938e-07 -4.131940257132444096e-07 -3.094707893309297229e-05 -2.338469750109025311e-06 -1.261143125720301544e-05 -2.823920970805750066e-06 -5.746586135953591133e-07 -7.824617092351191264e-07 -1.176844071598808664e-06 7.929279906700141338e-07 -1.762657094999286439e-05 -7.617025613727386720e-07 -3.618650257940044841e-06 -5.478794423456763950e-06 -1.925500404212213742e-06 -1.601003564231217139e-06 -3.112127261060080814e-06 1.357182944440405324e-06 -1.133436542106620995e-04 -3.879972139204543676e-05 -8.763468892509359298e-06 -4.367599327247272748e-06 -2.901947799042598106e-06 -2.690446727815341944e-06 -3.165612138860637575e-06 2.381230754147405892e-06 6.150912948113423950e-05 1.192321241758018970e-05 2.232769848922537391e-05 5.419648188603397955e-06 4.673523210651755788e-06 1.690559341825784448e-06 -4.008677152492760959e-06 1.995402996909418885e-06
1.129068235830873058e-03 3.627429361409302815e-04 2.205583950014359770e-04 1.267611509247533279e-04 -1.482135732317811194e-05 7.796869948452415889e-05 3.732021558514126629e-05 -3.176708016733591385e-05 3.131227575922085511e-03 4.900261071692444672e-04 4.529456526686926991e-04 2.850619350774466531e-04 2.336880372005443378e-04 1.677197067405394480e-04 3.616344444993504543e-05 -3.474178417261800599e-05 1.600310711135279973e-03 5.766578121752247025e-04 3.812928489669416493e-04 1.305751024065759382e-04 4.026972885420179531e-05 1.269239982725330008e-04 2.159370417105823989e-05 -1.611492984252629133e-05 1.498097659676803084e-03 1.737487894687659315e-04 -2.001744942596907432e-05 -9.452214038226698244e-05 -1.843958220613378240e-04 -6.193563530580580196e-05 6.382441662760153598e-05 -3.881338160526010960e-05 2.101461002657544104e-03 -4.578148265143633161e-04 -2.148923421068489549e-04 -1.727574443182570182e-04 -4.061341965930960078e-05 4.315070135778350103e-05 -1.023618697163633854e-04 1.965551758580948890e-05 -6.262790416056583567e-04 2.043640460809010954e-03 1.284514991660498781e-04 -4.435960349772100791e-05 -1.226667097514807397e-04 -9.052796609292712907e-05 8.713193934675847506e-05 -5.972253446953008416e-05
1.230513397602860386e-04 2.421776823228946867e-04 7.369046698222576409e-05 2.381286843198017873e-05 2.942166782277843285e-05 3.797711410062181288e-05 -2.726178362010569945e-05 1.130522379020391544e-05 4.900261071692444672e-04 7.355192130567575828e-04 2.074476475247441997e-04 1.621981772598371063e-04 6.833685486120393763e-05 5.826172017207256764e-05 3.364545181930799454e-05 -2.967432278847865226e-05 5.144428879650170998e-04 3.492396866092342526e-04 1.463444656604781069e-04 9.194839097464089486e-05 9.341181683311562277e-05 8.233666045745500811e-05 -1.279878431669035687e-05 3.820455350971690911e-06 1.220747937799143788e-03 4.925050835854148093e-04 2.850170006479451701e-04 1.795227308697196374e-04 1.139652019314534893e-04 8.978503245032321239e-05 5.249370855454852384e-06 -1.832485793520258240e-05 -5.366331079723012489e-04 -3.960510619930906399e-04 -1.475231581829288224e-04 2.507447192459543158e-05 4.874318897167880394e-05 5.182326225522228752e-05 -6.180799734779011565e-05 1.419353057621835121e-05 9.079558141033001843e-04 5.542660075577899876e-04 4.269569757201733141e-04 2.115763503569226137e-04 1.002789189045483637e-04 9.616665010945068897e-05 -1.782717962078989035e-06 -1.744157495269081529e-05
1.081292138014552804e-04 8.675955648208511721e-05 2.596918722724574611e-05 -9.350155213851593289e-06 -2.470151812524914897e-05 -2.880692037730435924e-06 2.588782642252761434e-06 -4.314637732316818512e-06 4.529456526686926991e-04 2.074476475247441997e-04 1.679222637052972186e-04 9.465552990884080044e-05 5.098671668052885648e-05 2.196851597810415283e-05 1.922737677984452792e-05 -1.087509233968632763e-05 3.331002217484146802e-04 2.399976033385626086e-04 1.587753334153433184e-04 6.558264460946280937e-05 3.031842667518836192e-05 1.271775512139816368e-05 1.453440761841087919e-05 -4.933450313266292692e-06 2.062308012843643631e-04 4.597640605841235312e-05 5.670735117160536281e-05 2.595102568757177256e-05 -1.945501323005194938e-06 -4.288682412263421589e-06 1.786756989352930982e-05 -1.187334103051783218e-05 2.679592837986495796e-04 -7.093168725703512430e-05 2.748567174767726405e-05 2.717034384414533470e-05 -3.458637734739144341e-06 -4.111451112631853594e-06 -1.638922682547667027e-05 6.290822237309604585e-07 2.258225909607451361e-04 3.444794071222250583e-04 3.201326352085722825e-05 8.909380235489541009e-05 -5.634244281731945943e-06 -4.653219282905674774e-06 1.052542779361121259e-05 -1.299376127711544724e-05
-3.851636445595836838e-05 5.445589612448174127e-05 1.789173717105354476e-05 4.092860595438940644e-06 7.435116700010661805e-06 1.403491649737006287e-05 -1.174670033159657732e-05 -8.123292723884394909e-07 2.850619350774466531e-04 1.621981772598371063e-04 9.465552990884080044e-05 1.227480117429024923e-04 6.821312713978691764e-05 4.485186844569914413e-05 1.035932207883658809e-05 -9.556540467932567442e-06 2.854496966554985449e-04 1.833127833449152021e-04 6.575896225399413997e-05 8.758682141700904864e-05 6.217051293675995708e-05 3.934686950012324759e-05 1.037044089855026540e-06 -4.534105806866347330e-07 1.533014921594116149e-04 8.949669971982999507e-05 3.230753383320892795e-05 2.354509274063288398e-05 1.917021411453108206e-05 2.054871073297297727e-05 1.407464567683595162e-06 -5.407869570857470801e-06 -1.798278327458657246e-04 -1.136192704145057299e-05 -2.992856971747866022e-05 7.575655445069313259e-05 2.962409259466291072e-05 2.543081017092223417e-05 -2.182287776539542845e-05 1.726986917690972654e-06 2.615507822772118545e-04 2.290507161219406751e-04 3.314519486492548757e-05 7.325296207489062899e-05 9.233228201106854986e-06 4.143169003566044052e-06 -1.771342884257561808e-05 -3.614908735266346154e-07
1.456775534434771920e-05 8.221034964013519079e-05 2.444987595458728618e-05 1.328532494878613801e-05 4.775069170957897704e-06 7.753978357402269449e-06 -4.793247898743804210e-06 -2.694973686277241164e-06 2.336880372005443378e-04 6.833685486120393763e-05 5.098671668052885648e-05 6.821312713978691764e-05 6.390890137387599597e-05 4.308974102899166159e-05 1.758318489847695125e-06 -4.681664102615500738e-06 8.856606870066205384e-05 1.417396067229435798e-04 3.528275825445249765e-05 4.364816206830833100e-05 3.440081921793469570e-05 2.172872664114061889e-05 9.732449332614620235e-07 -3.165926791859400826e-06 -8.804539060507215998e-05 3.844123114737567446e-05 7.778996551168423459e-06 -5.797116557154828911e-06 -9.833575099475867930e-06 -2.973850039201131520e-06 -1.242030838641408057e-06 -1.564450343819916653e-06 -7.215740038801752069e-05 -8.853891269322347319e-06 -6.389838478274645426e-05 3.073912248993161418e-05 2.341040100730693116e-05 1.897699688102475260e-05 -1.192212024777761863e-05 -1.288293802489871584e-07 1.606017287728861030e-04 2.977383059224156833e-04 6.451436185490155145e-05 7.486992788849534562e-05 1.037046441861978285e-05 -7.437547918885411497e-07 3.505982131727445083e-06 -5.096257782099806080e-06
2.582195645793924961e-05 7.575356314353906182e-05 2.786320195289513233e-05 2.808240552370987425e-05 1.287521997931708651e-05 1.474415668023469228e-05 -3.663719765721067483e-06 -1.533111202571951971e-06 1.677197067405394480e-04 5.826172017207256764e-05 2.196851597810415283e-05 4.485186844569914413e-05 4.308974102899166159e-05 4.525115437321584102e-05 4.962680312193048642e-07 -3.171810064038651746e-06 1.082687667596605259e-04 8.820273902986195856e-05 1.438718884357240999e-05 3.035914950662958202e-05 3.171977471909686355e-05 2.788169164714030348e-05 4.309709691040910110e-06 -4.441725946511245437e-06 -3.478712330705887657e-05 1.051886164171863337e-04 3.022226997603256400e-05 2.247145669962260200e-07 -1.975086529112826583e-06 7.639707531147860818e-06 -2.626403134193263801e-06 -1.482535434298565766e-07 -1.237955128979037847e-04 8.133222788410797324e-05 -4.146289318550111660e-05 3.144176444327958451e-05 2.028911842327538214e-05 2.489319900629253463e-05 -5.919720730879159073e-06 -1.768677652521672278e-06 5.578716829913511912e-06 3.201204852378236815e-04 6.178734054408111713e-05 3.777537511885860658e-05 1.692493003092723959e-05 9.138273903787678086e-06 -5.334344993115589458e-06 -7.260092230881805912e-07
3.233096375652738679e-05 5.140596883935985154e-06 6.147573672918929543e-06 -8.780121314210527323e-07 8.720720559922680119e-07 4.828587498505185687e-06 2.255978813291964148e-07 4.974194621744677938e-07 3.616344444993504543e-05 3.364545181930799454e-05 1.922737677984452792e-05 1.035932207883658809e-05 1.758318489847695125e-06 4.962680312193048642e-07 1.242558372698020318e-05 -5.053385410414627698e-06 9.203498707199463263e-06 -1.011573090622344440e-05 -2.553426709661835746e-06 2.547456923409053681e-06 2.599093193894404116e-06 2.238744387488914220e-06 3.799279786899659034e-06 6.948066116187416341e-07 1.038594565770049324e-04 1.325825143321085454e-05 4.105403715596476425e-05 7.963248342245993265e-06 3.315130874388928526e-06 -3.674988604562808209e-06 9.038463333214877672e-06 -3.908157540701655671e-06 -5.541776973943304932e-05 -3.357566750947856178e-05 -1.989733858485110744e-05 -1.268218981333827245e-06 -8.245866392212633395e-06 7.150424010372689238e-07 -4.279380594190966350e-08 9.596463218040588256e-07 2.308033502580342385e-04 -2.055575633688369231e-05 3.537435301190105966e-05 -6.866545022265805161e-07 2.436709618085314697e-06 9.503745984372707309e-06 5.472731254866552325e-08 -3.566635358352098271e-07
-1.868136255334081004e-05 -1.152156228633150808e-05 -8.413422733244394392e-06 -5.023054639336270932e-06 -4.804678193438045541e-06 -5.310763845713213674e-06 1.253914048939741447e-06 -4.131940257132444096e-07 -3.474178417261800599e-05 -2.967432278847865226e-05 -1.087509233968632763e-05 -9.556540467932567442e-06 -4.681664102615500738e-06 -3.171810064038651746e-06 -5.053385410414627698e-06 3.320259142478462248e-06 3.584854030974264579e-06 -8.322536419489884486e-06 1.997793248857078997e-06 -3.690634339857473076e-06 -3.834107132892413894e-06 -4.004395466136964812e-06 9.999258642028194580e-07 -1.021976182468828201e-06 -7.307868710756829176e-05 -1.235133352665378204e-05 -2.077159374657616819e-05 -1.011909568377521804e-05 -4.908744429730496698e-06 -2.288339729198621376e-06 -3.770304257678974638e-06 2.188967183989980548e-06 5.582514907344530790e-05 1.863942020138562500e-05 1.957306357157396980e-05 -3.763096931961093985e-06 -4.336723536999770200e-07 -4.017134768034298863e-06 2.569514607307508820e-06 -9.675511908260172464e-07 -8.127090993157286562e-05 -1.697861660778669641e-05 -2.399822532841489243e-05 -1.540539493818063823e-05 -5.914193304641167005e-06 -9.603681400094276808e-06 -6.144725168836927885e-07 9.207231850077940412e-07
1.143078086010884025e-03 3.023819433757236799e-04 1.631500446264777331e-04 1.338636037723787617e-04 1.966321102074952061e-05 5.355819731468092909e-05 6.116435870096316430e-05 -3.094707893309297229e-05 1.600310711135279973e-03 5.144428879650170998e-04 3.331002217484146802e-04 2.854496966554985449e-04 8.856606870066205384e-05 1.082687667596605259e-04 9.203498707199463263e-06 3.584854030974264579e-06 4.887893064245918406e-03 1.116472182821648526e-03 8.225420214377348336e-04 5.092985278661308398e-04 3.333051519279213015e-04 2.547186962331625089e-04 9.999359260276381972e-05 -6.885115550695000426e-05 2.782822331377902015e-03 -2.164187926436797916e-04 7.404258020857362686e-06 7.734561838701324942e-06 1.475011980677596451e-04 2.899801593434502304e-04 -3.827312972718349476e-05 1.699176925928515456e-05 2.402423870390617104e-03 -4.727022370106936521e-04 4.416953410762123906e-04 3.622995217110412929e-04 1.570302439805352709e-04 1.200075572418246556e-04 2.092624811577460211e-05 -3.415693912241560531e-05 -1.871694219779632996e-03 -6.108912686593067319e-04 -3.433731208850271204e-05 -9.863331711373871298e-05 1.246520901779244253e-04 -4.387783467874353490e-05 -6.206017166000054393e-05 -2.319180438323578596e-05
-2.290490421282860166e-04 3.330112658826990231e-04 3.575942892696816320e-05 1.689746911198090002e-06 2.000597862074696482e-05 2.165484922357552766e-05 5.244469647236928714e-06 -2.338469750109025311e-06 5.766578121752247025e-04 3.492396866092342526e-04 2.399976033385626086e-04 1.833127833449152021e-04 1.417396067229435798e-04 8.820273902986195856e-05 -1.011573090622344440e-05 -8.322536419489884486e-06 1.116472182821648526e-03 1.955246841908112997e-03 5.976408566968305315e-04 3.373472849913551077e-04 2.231410392693093723e-04 1.532806834435344824e-04 5.866845524932443197e-05 -5.210950840464199268e-05 -1.920673984616094948e-04 -3.685823020328643789e-04 -1.996315505640182311e-04 -1.421563353492475562e-04 -6.653172187287948113e-06 9.401112615180625071e-05 -2.840192366459683233e-05 2.772318356481091636e-06 5.771259886577782047e-04 4.876584441239579864e-05 8.811195082410567213e-05 2.389260131212044903e-04 1.559876303390803120e-04 1.195654783664807568e-04 2.042451783668088720e-05 -3.319668853784040277e-05 -3.915832338400531722e-03 1.453529790619450396e-03 -3.235772215273076424e-04 3.171975707718711381e-04 1.017718651500042611e-04 6.727341032911404793e-05 2.922947175524656576e-05 -3.778556398424131902e-05
1.811682592743893362e-04 1.401654533023569246e-04 3.311851003390180133e-05 1.123795678240920834e-05 -1.826611930175692382e-05 -8.712040088409319697e-06 2.302808000669635713e-05 -1.261143125720301544e-05 3.812928489669416493e-04 1.463444656604781069e-04 1.587753334153433184e-04 6.575896225399413997e-05 3.528275825445249765e-05 1.438718884357240999e-05 -2.553426709661835746e-06 1.997793248857078997e-06 8.225420214377348336e-04 5.976408566968305315e-04 3.709852895770112953e-04 1.579314522199169117e-04 7.723408803467574015e-05 4.992997679743878774e-05 2.856002472192481549e-05 -1.966147057046423112e-05 7.880601057714581206e-05 -1.436159017764471755e-04 -4.134024264296776276e-06 3.237189930204133249e-07 2.485245397837329440e-05 3.501487805430953906e-05 -2.462641445689308036e-06 -1.985741084661568155e-06 8.131758220615441278e-04 -2.701152469266902205e-05 1.095492013314922942e-04 8.171841417266754949e-05 3.729878536642866377e-05 1.873579220145425638e-05 8.885218855547517405e-06 -1.516263659463745399e-05 -1.529480708151524562e-03 4.795906134359491260e-04 -1.106035939240037258e-04 7.133896840473056525e-05 1.143139460680076511e-05 -1.341339905314697211e-05 2.625520134307335993e-05 -2.537531687936712683e-05
4.307025120714924517e-05 5.458351978766756783e-05 1.015890286829926529e-05 1.533607767652062152e-05 1.177383719428539575e-05 2.068462189345084751e-06 -3.926474628939514850e-06 -2.823920970805750066e-06 1.305751024065759382e-04 9.194839097464089486e-05 6.558264460946280937e-05 8.758682141700904864e-05 4.364816206830833100e-05 3.035914950662958202e-05 2.547456923409053681e-06 -3.690634339857473076e-06 5.092985278661308398e-04 3.373472849913551077e-04 1.579314522199169117e-04 1.801990688467838516e-04 9.491510658505684266e-05 6.092910431942854198e-05 5.190822676657785473e-06 -7.162296880834826914e-06 -8.719859542972068021e-05 -2.328813323117059529e-04 -1.099923449238083432e-05 -5.676272183231806418e-06 1.626822404071370944e-05 3.124147211073172176e-05 -1.814342528948933723e-05 4.981588227726486231e-06 7.989656010596677001e-05 1.048111292673670707e-04 -4.192743828080604354e-05 1.297587952972104931e-04 4.446754593034755228e-05 4.245832540224818929e-05 3.956019435832996968e-06 -1.176267422087832078e-05 -1.018366884704122638e-04 2.586599292970093579e-04 7.629568582428847376e-05 9.009621175012225082e-05 3.929211723153533392e-05 1.307852152038981678e-05 -1.817382164613399757e-05 -5.426553880295330156e-06
-3.204171936897881195e-06 5.748852534998970948e-05 2.507027835425887144e-05 2.097188911145726894e-05 2.393286793395744586e-05 1.471321384356359236e-05 -4.836313365124570446e-06 -5.746586135953591133e-07 4.026972885420179531e-05 9.341181683311562277e-05 3.031842667518836192e-05 6.217051293675995708e-05 3.440081921793469570e-05 3.171977471909686355e-05 2.599093193894404116e-06 -3.834107132892413894e-06 3.333051519279213015e-04 2.231410392693093723e-04 7.723408803467574015e-05 9.491510658505684266e-05 7.870888047121246504e-05 5.339317851734680126e-05 1.983339189580025180e-06 -5.222791107695783597e-06 1.809133635070294570e-04 3.111055318254651320e-07 2.568608376818435927e-05 6.672295491176062892e-06 4.023233222659327880e-05 4.461637602507793128e-05 -7.810338263735050945e-06 1.710621580260829147e-07 3.380336192214786436e-06 -7.282665258032689259e-06 -4.853451988253193499e-06 8.232349455641439372e-05 3.772491278020303172e-05 3.372829560629935310e-05 4.323757076771631921e-07 -7.226335529104867108e-06 -1.650088607104327118e-04 2.379893135207880405e-05 2.762143912040433368e-05 4.148857110498454506e-05 2.964950832706537048e-05 1.482245917669375312e-05 -1.924368012884701177e-05 1.397953539702627932e-06
2.543150288866023661e-05 3.661433276822388406e-05 2.201648819626588448e-05 2.580816818915856477e-05 2.258169670511299372e-05 1.902223906960436554e-05 -1.412528353432921151e-07 -7.824617092351191264e-07 1.269239982725330008e-04 8.233666045745500811e-05 1.271775512139816368e-05 3.934686950012324759e-05 2.172872664114061889e-05 2.788169164714030348e-05 2.238744387488914220e-06 -4.004395466136964812e-06 2.547186962331625089e-04 1.532806834435344824e-04 4.992997679743878774e-05 6.092910431942854198e-05 5.339317851734680126e-05 5.607786348364101963e-05 -1.404415600755127436e-06 -2.876530025891475365e-06 2.832283832955480849e-04 5.589887979583534549e-05 3.996088607423981600e-05 1.396489672344192079e-05 3.659224786374572078e-05 3.951562343455149130e-05 -3.008034510899520057e-06 -2.024661032611898253e-06 -7.494080272609122961e-05 -7.398247058288240547e-05 -5.444279043762943087e-05 1.215359314199575032e-05 9.848517194164517653e-06 2.187462575704115893e-05 -5.273767332979960254e-06 -2.038901367450145981e-06 -3.963707686333579720e-04 1.788290479004199637e-04 1.159568604717233700e-05 -9.212944552148624806e-06 1.145789207079040313e-05 1.295996965424585453e-05 -6.772649659869594517e-06 -1.327641466750523991e-06
-1.046051401641881805e-05 -1.166059097521774907e-05 -1.597893928510323692e-05 -9.402351971927151589e-06 -1.153895566407835486e-05 -4.230875523759845996e-06 5.219219909176398052e-06 -1.176844071598808664e-06 2.159370417105823989e-05 -1.279878431669035687e-05 1.453440761841087919e-05 1.037044089855026540e-06 9.732449332614620235e-07 4.309709691040910110e-06 3.799279786899659034e-06 9.999258642028194580e-07 9.999359260276381972e-05 5.866845524932443197e-05 2.856002472192481549e-05 5.190822676657785473e-06 1.983339189580025180e-06 -1.404415600755127436e-06 2.004357072366311375e-05 -8.156318244121574484e-06 -3.853239847705286421e-05 1.459428461618303478e-05 7.103316657144730824e-06 -1.093276166486716482e-05 -6.794232427853827946e-06 -7.419846391520407649e-06 2.586211826624541349e-06 2.004265560122157266e-08 1.667342891507143921e-04 3.096976975392354650e-05 3.591395444117279024e-05 4.000637129828524195e-06 -7.415147668515107066e-06 -5.356374088867136532e-06 9.373590143926102471e-06 -3.079009810021960480e-06 2.848459347418776246e-05 5.320989931022369342e-05 -5.260589229134246628e-05 -8.488311118680083174e-06 6.159490675247282177e-06 -2.696775569518462890e-06 1.599621943854859406e-07 -4.305323136719303299e-07
-7.692975749887422748e-07 -5.668890802478767942e-06 3.294248928829627456e-06 1.550295868975181460e-06 3.083924517913656453e-06 1.076801564351015075e-06 -2.598273824205837569e-06 7.929279906700141338e-07 -1.611492984252629133e-05 3.820455350971690911e-06 -4.933450313266292692e-06 -4.534105806866347330e-07 -3.165926791859400826e-06 -4.441725946511245437e-06 6.948066116187416341e-07 -1.021976182468828201e-06 -6.885115550695000426e-05 -5.210950840464199268e-05 -1.966147057046423112e-05 -7.162296880834826914e-06 -5.222791107695783597e-06 -2.876530025891475365e-06 -8.156318244121574484e-06 4.708428080247134461e-06 2.200989526832446629e-05 -1.285950665007722533e-06 4.815672280849313730e-06 5.949236429092318594e-06 2.509931076909225456e-06 -1.089620703001511260e-06 1.348231427933181106e-06 -8.608619377887348253e-07 -1.162299015062426776e-04 -9.932958269522146414e-06 -1.827962703210235979e-05 -4.198529770705387765e-06 -1.136522503081389744e-06 -6.892655084074181242e-07 -4.564827695408382632e-06 2.107387990142985290e-06 5.730518929613366005e-05 -2.943830753841458016e-05 2.324290621047871605e-05 -4.739519867501521715e-06 -6.699121062544294382e-06 -3.522411860189704117e-07 -7.569038197088420542e-07 8.655287863068629229e-07
1.769805817060763394e-03 2.228636906035127280e-04 3.248371816172143439e-04 3.534476122804709047e-04 3.544292943205501543e-04 2.972988068554032219e-04 4.467046077968673580e-05 -1.762657094999286439e-05 1.498097659676803084e-03 1.220747937799143788e-03 2.062308012843643631e-04 1.533014921594116149e-04 -8.804539060507215998e-05 -3.478712330705887657e-05 1.038594565770049324e-04 -7.307868710756829176e-05 2.782822331377902015e-03 -1.920673984616094948e-04 7.880601057714581206e-05 -8.719859542972068021e-05 1.809133635070294570e-04 2.832283832955480849e-04 -3.853239847705286421e-05 2.200989526832446629e-05 1.014345064331051774e-02 1.552235938569341720e-03 8.618633549304531224e-04 6.459204634756562056e-04 7.159315240495855732e-04 5.678194837416564384e-04 1.333349052342147167e-04 -1.150406911844421425e-04 3.780763816900964761e-03 -1.890384301812593091e-03 6.757028152490239449e-05 -9.576663918099471734e-05 1.192376100495313280e-04 1.185065502776572015e-04 -8.365505610522373618e-05 1.610531296826799298e-05 8.065952223189799689e-04 -2.720136835264498794e-03 -2.766355725680348784e-04 -3.801025853793228151e-04 2.716915789593467301e-04 2.317567131060137276e-04 1.757114102858451580e-06 -1.245836763295269895e-05
-2.337470465256282631e-04 1.690749748172195818e-04 5.537890362768095929e-05 4.557881065267637766e-05 6.168044016477952217e-05 1.070166691856936134e-04 -7.003870898994890248e-06 -7.617025613727386720e-07 1.737487894687659315e-04 4.925050835854148093e-04 4.597640605841235312e-05 8.949669971982999507e-05 3.844123114737567446e-05 1.051886164171863337e-04 1.325825143321085454e-05 -1.235133352665378204e-05 -2.164187926436797916e-04 -3.685823020328643789e-04 -1.436159017764471755e-04 -2.328813323117059529e-04 3.111055318254651320e-07 5.589887979583534549e-05 1.459428461618303478e-05 -1.285950665007722533e-06 1.552235938569341720e-03 1.915617073149384654e-03 4.918813867225414705e-04 3.091048166146443820e-04 2.130192371877847950e-04 1.386769698559110883e-04 5.027027767940029133e-05 -4.306338604027726378e-05 -3.604558802584177898e-06 -2.713928013166586636e-04 2.054069393706713824e-04 -1.308130698443223246e-04 1.168878050908073762e-05 3.470504127906703175e-05 -6.250665123406659270e-05 2.642557020161274839e-05 6.287837754530453639e-04 2.765531594257532723e-04 -2.060316484765721025e-04 -8.248553598487880180e-05 6.256041229938683545e-05 1.145647921035589421e-04 -1.359266768733701376e-05 1.202653130759716260e-05
9.034583017422520771e-06 8.098598498283788509e-05 3.431959389497006205e-05 5.646411972162617440e-05 2.331158594091013855e-05 3.330059461081567987e-05 9.621543602051840639e-06 -3.618650257940044841e-06 -2.001744942596907432e-05 2.850170006479451701e-04 5.670735117160536281e-05 3.230753383320892795e-05 7.778996551168423459e-06 3.022226997603256400e-05 4.105403715596476425e-05 -2.077159374657616819e-05 7.404258020857362686e-06 -1.996315505640182311e-04 -4.134024264296776276e-06 -1.099923449238083432e-05 2.568608376818435927e-05 3.996088607423981600e-05 7.103316657144730824e-06 4.815672280849313730e-06 8.618633549304531224e-04 4.918813867225414705e-04 5.242847293103776842e-04 2.036776309514469138e-04 1.132700974801856308e-04 3.663398878069076109e-05 3.562828914199455918e-05 -2.143532863001791335e-05 -5.477137598693423808e-04 -2.653916424605875179e-04 -1.565805148276687723e-04 -3.719187535673911714e-05 -3.243128458576903490e-05 1.725981027166389426e-05 -5.050783694736103528e-07 2.902332169229957854e-06 1.663972518594455030e-03 -2.127695885432483522e-05 3.876119954798805476e-04 4.766430393170255570e-05 6.903377661170941764e-05 8.807295459581993208e-05 2.279548356903063434e-05 -8.373764124394891914e-06
1.242542444908211635e-04 7.447481577954961711e-05 4.116751416512386900e-05 5.746076933892083240e-05 4.088596101621266583e-05 2.769323907269185704e-05 6.497409269079119965e-06 -5.478794423456763950e-06 -9.452214038226698244e-05 1.795227308697196374e-04 2.595102568757177256e-05 2.354509274063288398e-05 -5.797116557154828911e-06 2.247145669962260200e-07 7.963248342245993265e-06 -1.011909568377521804e-05 7.734561838701324942e-06 -1.421563353492475562e-04 3.237189930204133249e-07 -5.676272183231806418e-06 6.672295491176062892e-06 1.396489672344192079e-05 -1.093276166486716482e-05 5.949236429092318594e-06 6.459204634756562056e-04 3.091048166146443820e-04 2.036776309514469138e-04 2.330681881565590575e-04 1.469185333278485235e-04 7.955778639265227443e-05 1.837187221911843759e-05 -1.429776202419467107e-05 -2.212064333357126322e-04 -3.397404258756065186e-05 -4.771066991857719785e-05 2.132527038891403106e-05 7.212118216031073361e-06 1.796969138480974503e-06 -8.222171629656552309e-06 1.371921347142885334e-06 2.917203876707853715e-04 -1.630529358373383785e-04 -1.263000775699105477e-05 1.277388385148056204e-04 5.708814201483215138e-05 7.633427340749173319e-05 1.275145005181457378e-05 -1.067934155944466356e-05
7.282212321560212469e-05 2.636810856467688028e-05 2.788371334829398235e-05 4.294447587005881982e-05 4.231787941206748103e-05 2.299425808055087443e-05 2.836529456993114778e-06 -1.925500404212213742e-06 -1.843958220613378240e-04 1.139652019314534893e-04 -1.945501323005194938e-06 1.917021411453108206e-05 -9.833575099475867930e-06 -1.975086529112826583e-06 3.315130874388928526e-06 -4.908744429730496698e-06 1.475011980677596451e-04 -6.653172187287948113e-06 2.485245397837329440e-05 1.626822404071370944e-05 4.023233222659327880e-05 3.659224786374572078e-05 -6.794232427853827946e-06 2.509931076909225456e-06 7.159315240495855732e-04 2.130192371877847950e-04 1.132700974801856308e-04 1.469185333278485235e-04 1.504518180493578407e-04 9.109783650324365200e-05 8.473858982775467932e-06 -9.496082235806121736e-06 -1.765565473560266007e-04 -1.455904003876099418e-04 -1.356275214417454048e-05 2.804776886033188477e-05 1.403667384392062983e-05 -2.710301704228758986e-06 -4.434019308380837422e-06 -1.107849468841288251e-06 -3.834411827723790901e-04 -2.200983601370302294e-04 -1.112877023942829345e-04 4.016965883990826963e-05 4.024542699734470058e-05 4.067377834635072512e-05 -6.056107905385000729e-06 -1.197107777501110078e-06
7.044492675282738436e-05 6.051665090626479510e-05 3.526561606692913542e-05 4.036583670532654168e-05 4.189532907988696155e-05 2.903038598575363846e-05 1.125594738348998794e-06 -1.601003564231217139e-06 -6.193563530580580196e-05 8.978503245032321239e-05 -4.288682412263421589e-06 2.054871073297297727e-05 -2.973850039201131520e-06 7.639707531147860818e-06 -3.674988604562808209e-06 -2.288339729198621376e-06 2.899801593434502304e-04 9.401112615180625071e-05 3.501487805430953906e-05 3.124147211073172176e-05 4.461637602507793128e-05 3.951562343455149130e-05 -7.419846391520407649e-06 -1.089620703001511260e-06 5.678194837416564384e-04 1.386769698559110883e-04 3.663398878069076109e-05 7.955778639265227443e-05 9.109783650324365200e-05 8.724937207323588682e-05 -6.293082127226799220e-07 -4.486233319558021686e-06 3.901263257119460192e-05 -2.894146750932259207e-05 4.729647622682485697e-05 5.862534111645270667e-05 3.957969758059385647e-05 2.720700413678358965e-05 -5.038312772401022944e-07 -3.348265328915466219e-06 -4.371054742778827788e-04 -1.811989761326275095e-04 -8.748327603156367052e-05 4.261114150102965277e-05 4.878979372318821176e-05 4.672821270364863001e-05 -9.941053890894244676e-06 -6.907746465632504959e-07
4.489011600960739613e-05 1.514495962803660318e-05 1.391296838410799936e-05 8.555707753612586670e-06 3.673076730023663674e-06 7.424744977651310983e-06 6.907440217000222575e-06 -3.112127261060080814e-06 6.382441662760153598e-05 5.249370855454852384e-06 1.786756989352930982e-05 1.407464567683595162e-06 -1.242030838641408057e-06 -2.626403134193263801e-06 9.038463333214877672e-06 -3.770304257678974638e-06 -3.827312972718349476e-05 -2.840192366459683233e-05 -2.462641445689308036e-06 -1.814342528948933723e-05 -7.810338263735050945e-06 -3.008034510899520057e-06 2.586211826624541349e-06 1.348231427933181106e-06 1.333349052342147167e-04 5.027027767940029133e-05 3.562828914199455918e-05 1.837187221911843759e-05 8.473858982775467932e-06 -6.293082127226799220e-07 1.825443302507332333e-05 -7.830105025468979822e-06 4.553846485710974517e-05 1.794167024417367537e-05 8.349414837510018425e-06 -1.219727133524721417e-05 -1.218073918847221025e-05 -4.405800893252225218e-06 2.928322691908516343e-06 -1.200188433971357302e-06 2.249355560106157704e-05 -5.897317519201854534e-05 -4.844551066756996551e-05 -2.040193137399375732e-05 -2.002656106037307187e-05 3.564572932130201878e-06 7.725099187347679567e-06 -2.568754382394150037e-06
-2.075456941764676366e-05 -1.080071883050856843e-05 -6.476986795739834627e-06 -4.665248575685945440e-06 -4.444074381266789617e-06 -5.577763145702570438e-06 -2.166844026384792654e-06 1.357182944440405324e-06 -3.881338160526010960e-05 -1.832485793520258240e-05 -1.187334103051783218e-05 -5.407869570857470801e-06 -1.564450343819916653e-06 -1.482535434298565766e-07 -3.908157540701655671e-06 2.188967183989980548e-06 1.699176925928515456e-05 2.772318356481091636e-06 -1.985741084661568155e-06 4.981588227726486231e-06 1.710621580260829147e-07 -2.024661032611898253e-06 2.004265560122157266e-08 -8.608619377887348253e-07 -1.150406911844421425e-04 -4.306338604027726378e-05 -2.143532863001791335e-05 -1.429776202419467107e-05 -9.496082235806121736e-06 -4.486233319558021686e-06 -7.830105025468979822e-06 4.562776453408954908e-06 -6.815411338505182061e-05 6.074683354453958005e-06 -3.460192898009371355e-06 4.474090416608781250e-06 2.011096087938113972e-06 -7.417787689177034405e-07 8.841095591214160141e-07 2.979248643608508311e-07 -4.985361223832308675e-05 8.361204559600661352e-06 2.274972466863797523e-05 3.731055197625414983e-06 3.494748516965588330e-06 -5.468345311218700047e-06 -3.178793892745332065e-06 1.435072883407708114e-06
