1.072677752550392407e-03 2.523530194913430297e-04 1.357131125104091176e-04 1.740134780760758135e-04 1.894953040526027035e-04 1.852684225521281775e-04 2.340117140633425055e-04 2.130422681504922733e-04 1.821339130608181617e-05 -4.577532483915635497e-05 6.526005704330608463e-04 3.405703886236918754e-04 2.624803515084249005e-04 2.512189291298543188e-04 2.377776516783243650e-04 2.048114795822472071e-04 1.691831503820402313e-04 1.388186373251102193e-04 6.921454730129715592e-05 -6.861457510893184913e-05 1.556809426171461763e-03 7.487317462347008613e-04 4.487193814023768962e-04 3.805320635509630437e-04 3.005627272486390629e-04 2.497133917556512879e-04 2.962564629651148708e-04 2.323385004081379788e-04 -4.789323130382852837e-06 -4.707947901019375489e-05 -1.527219485877121322e-03 1.430607748572036578e-04 2.397055067510130285e-04 2.914468270617180155e-05 1.488330102107091393e-04 1.044181340690609631e-04 4.162283122529915840e-05 1.796398524195927287e-05 -2.962727766935567788e-05 3.473622965550982075e-06 -4.101014328791935566e-03 -1.271632463475352035e-03 -7.769510105406283833e-04 -1.282759558003914845e-04 -1.161039205421072589e-04 -2.239035479811963631e-05 3.329637548872589479e-05 1.148288567148179827e-05 -1.054826236476461839e-04 5.574870654381073091e-05 -4.946688421172981340e-03 2.142632080676771036e-03 3.209329732903636132e-03 1.073030119102963810e-03 -1.794481486012318178e-04 -1.777075750942413101e-04 -3.127320985859404368e-04 -3.793277431644553850e-05 4.786462686345409741e-05 -1.739825082355311162e-05
2.523530194913430297e-04 4.055628506956017345e-04 2.563139443288292552e-04 2.340847202148573338e-04 2.170884102482352506e-04 1.730883826254874533e-04 1.472443677563489619e-04 1.138068464736133719e-04 2.311872180039458832e-05 -3.759310053482152003e-05 2.483606042698036152e-04 1.992029899455371599e-04 8.925972081519277881e-05 1.503833508454054623e-04 1.131662429508540626e-04 8.575720558837504484e-05 9.127445598774205221e-05 5.232634029252122593e-05 -2.678084525890545530e-05 -4.934055731070503572e-07 5.601019430858727652e-04 5.321499790944244496e-04 3.605780104090525965e-04 2.335276378495973611e-04 1.821037681332467347e-04 1.407038820169014080e-04 9.106405501587242640e-05 5.207222906027112261e-05 2.840936616885616009e-05 -3.308876085406602915e-05 -1.240509912234275198e-03 -6.992940942616854153e-04 -1.526650352559095634e-04 2.474375351509877017e-05 7.573642800423119933e-05 7.145080671537416437e-05 -2.887682265108547613e-05 -8.980284667510843311e-05 6.102208703558518821e-06 4.810121216898388342e-06 -2.637691246731898535e-03 -8.886286295987545639e-04 -5.124884865414908695e-04 -3.947499292700856023e-05 2.041028870291759667e-05 1.039148727541493812e-04 -3.330085215421396965e-05 -6.379582972557876588e-05 -5.173862924354206966e-05 3.361542156629511278e-05 -3.765063850770201601e-03 -2.683161006335243407e-03 -3.669638259927561702e-04 1.080987460251761314e-04 1.111331206135100324e-04 2.096145707406072030e-04 -5.313456108555403203e-05 -5.478542597656004042e-05 3.628960530290094636e-05 -1.989916384875872906e-05
1.357131125104091176e-04 2.563139443288292552e-04 1.968385890591151132e-04 1.574098781840272169e-04 1.398817162254148980e-04 9.881966410326440905e-05 8.453150521029797473e-05 6.067741373560861420e-05 1.540256651140463006e-05 -2.379024863728043294e-05 1.119253392470700482e-04 4.728003052265090928e-05 3.086944698317385465e-05 7.456181774831950539e-05 5.291258806696431678e-05 3.791667109922026345e-05 5.403678701546037926e-05 2.879208079328920511e-05 -2.756859312272058620e-05 5.993152032697275954e-06 1.173185657438678947e-04 2.866584104560705184e-04 2.175504015787858793e-04 1.257824938728649227e-04 9.742568815714194386e-05 6.956858643620834589e-05 3.709889739188460754e-05 2.664093795758744584e-05 1.105155217832511597e-05 -1.544587670815895632e-05 -1.063658854517910085e-03 -4.965578768629930325e-04 -1.382495365956326844e-04 1.460446662659496479e-05 4.180458279555700028e-05 3.077386293802791085e-05 -2.068790048604984537e-05 -4.913424801327139955e-05 2.635718663106654220e-06 3.334426108678382809e-06 -2.718136471023432834e-03 -6.745435064673040724e-04 -4.176408731526649637e-04 -3.247246571408710325e-05 -9.920045412351662542e-06 6.630820028311431484e-05 -3.032807255128863437e-05 -4.337317389343026743e-05 -3.159966077277030154e-05 2.234900959291726287e-05 -2.204589216386322777e-03 -1.862404486157252705e-03 -1.547157112774913445e-04 -4.425169810094743819e-05 5.932829945251724501e-05 1.852632588104922615e-04 -1.623558459197627381e-05 -1.819384624352323715e-05 2.827367948564935498e-05 -1.708095526120600587e-05
1.740134780760758135e-04 2.340847202148573338e-04 1.574098781840272169e-04 1.609621394585467697e-04 1.508375623831092311e-04 1.214185295286363615e-04 1.082635740256369499e-04 8.716823932259324000e-05 6.396373596443236893e-06 -2.252517516612782388e-05 1.819688566776668645e-04 1.410102943125838052e-04 8.522079439050242184e-05 1.173459593529350194e-04 8.794019399119576235e-05 6.323776780371342173e-05 6.669742827355372135e-05 4.014390752365066845e-05 -1.709835398103691062e-05 -2.626002853347704916e-06 2.541076722915507156e-04 3.104038862652878862e-04 2.035570961678458384e-04 1.466028179776043957e-04 1.139181975015342269e-04 8.309797580816623860e-05 5.070051736631893402e-05 2.417576545336005400e-05 1.855396050221651668e-05 -1.912134572142796545e-05 -8.304202399150726254e-04 -4.387404876821464198e-04 -9.168157904596657638e-05 2.683195043311693799e-05 5.987590894371934820e-05 4.531968732515293311e-05 -1.737419340357362291e-05 -4.872933516353098300e-05 -7.777728065330052039e-06 8.343907170342700452e-06 -2.565915192629398753e-03 -4.403968477958884135e-04 -2.796039093034049378e-04 -4.014181618690170215e-05 2.928751140329202766e-05 7.896505775419286729e-05 -7.696646698124744152e-06 -3.702953523174591470e-05 -2.630030324420442453e-05 1.744333156468214874e-05 -9.886931487019853110e-04 -1.822686845205635743e-03 -6.737291040860056293e-04 3.845380657071828827e-05 1.163628847905531560e-05 5.781406142624576213e-05 -8.020031661617320503e-05 -5.326242062011192100e-05 7.330174108812074440e-06 1.607075709574185967e-06
1.894953040526027035e-04 2.170884102482352506e-04 1.398817162254148980e-04 1.508375623831092311e-04 1.569424051686833560e-04 1.297521558304526410e-04 1.179368136054589553e-04 9.605695970291432302e-05 5.613337819640688283e-06 -2.324933944391351947e-05 2.454448267875382166e-04 1.428637655512359742e-04 8.978951049077957562e-05 1.034011771804413475e-04 8.308354588983503462e-05 6.043718337406987990e-05 6.351182560940696700e-05 3.382089189532994132e-05 -1.354028583963432833e-05 -3.483849895961249247e-06 2.959615409049890064e-04 3.049148329761912119e-04 1.838070316813397319e-04 1.136453800499928873e-04 8.789731158053980015e-05 6.697953911380993331e-05 3.335964895816036604e-05 4.771027226155577946e-06 2.202242201075021142e-05 -1.649862537166086921e-05 -8.246357511381655504e-04 -4.794337513313080162e-04 -9.885509493264578440e-05 -1.226364399923480159e-05 3.373213876493691389e-05 2.329008549775637862e-05 -3.050905782635641024e-05 -5.892377750861173144e-05 -1.718500873087507472e-05 1.561730232193749671e-05 -2.413149052406910258e-03 -5.793994605236152005e-04 -3.119721119075388868e-04 -1.083367246093563507e-04 -3.812483241147143712e-07 6.381598708070257311e-05 -3.029940080100399779e-06 -3.929569616971286938e-05 -3.228989437896948039e-05 2.102770647461771556e-05 -8.204318035847588944e-04 -2.134070794343766175e-03 -6.463851981889565373e-04 3.580574908457601188e-05 -8.515266500215883593e-05 -3.091728897353182586e-05 -1.267693699006289178e-04 -8.685515204913900724e-05 -3.145296433405192463e-06 1.427415199320872192e-05
1.852684225521281775e-04 1.730883826254874533e-04 9.881966410326440905e-05 1.214185295286363615e-04 1.297521558304526410e-04 1.209930543584911090e-04 1.129424065346534790e-04 9.732010953666060866e-05 3.092104930813015996e-06 -2.079306031848851468e-05 2.551715793790879463e-04 1.423568574024380059e-04 8.738192395384543560e-05 9.634175816575967031e-05 7.707844136965521652e-05 5.985628732915614536e-05 5.234017722934651800e-05 2.991609581519862957e-05 -2.025989251135647914e-06 -8.210265362662148004e-06 3.753650448852345351e-04 3.001337177545569689e-04 1.868012987759319220e-04 1.307469705560282305e-04 9.632878657507429679e-05 7.650577934999823319e-05 4.771855336784403266e-05 1.801953479304134825e-05 2.459862180628243208e-05 -1.984904934461154623e-05 -5.054041264967445990e-04 -3.174727231459132260e-04 -5.778658480319614743e-06 1.790722110378715475e-05 4.223023234953371087e-05 3.120143084534327021e-05 -1.961182348069261084e-05 -4.041556705548373057e-05 -1.083686702845975063e-05 9.453603443798537238e-06 -1.500778103508513964e-03 -3.805913662437451317e-04 -7.303615046555276082e-05 -2.376316973230874316e-05 4.569853810622891615e-05 7.539826066808580222e-05 2.793894464570044069e-05 -1.052612559416405524e-05 -3.129260548019836624e-05 1.422466662249099259e-05 -4.288048308202797572e-05 -1.447047615431645015e-03 -4.419430932931131778e-04 8.373379033862717773e-05 -7.112257680528939166e-05 -8.068155827946090462e-05 -1.307298456250544105e-04 -6.734325470699695790e-05 1.086838243456562659e-06 1.044956005690327998e-05
2.340117140633425055e-04 1.472443677563489619e-04 8.453150521029797473e-05 1.082635740256369499e-04 1.179368136054589553e-04 1.129424065346534790e-04 1.211994458953724265e-04 1.084303487805182237e-04 -2.783807558240718743e-06 -1.882462418417139860e-05 2.904443213824318970e-04 1.108510033499351700e-04 6.902151702706254980e-05 8.542223327978949764e-05 7.307007456564620928e-05 6.059582282463133845e-05 5.344070399921826557e-05 3.609169103365516087e-05 6.401689738393018935e-06 -1.304958575490996088e-05 3.537584764285756512e-04 3.035893877458335386e-04 1.896214891737386043e-04 1.359739253992614321e-04 1.051141428895181398e-04 8.616965820710231468e-05 6.837678071831769619e-05 3.758329356746458388e-05 1.810948373285653821e-05 -2.026181361256975031e-05 -3.754258156602691761e-04 -2.098810311611178808e-04 8.626190290188481585e-05 2.691031685353110884e-05 3.137250357327427694e-05 1.524461769481326401e-05 -2.039336409509082411e-05 -3.221130126481650647e-05 -1.085092472442526057e-05 7.714281308462387181e-06 -1.201903241019288337e-03 -2.926840016192334797e-04 -4.354906982044161643e-05 -4.932240779521130866e-05 1.067489193746385550e-05 6.535688679184734062e-05 3.648902141664088348e-05 4.176370029713603196e-06 -3.299076733195946843e-05 1.319704693524872162e-05 4.988725707126575020e-04 -1.416002485289752149e-03 -9.111812887282113725e-05 1.692428069933665845e-04 -1.480557207415530735e-04 -1.662558953929297494e-04 -1.730799664932286845e-04 -5.495536879959809747e-05 6.994591944012449391e-07 1.102196374792460802e-05
2.130422681504922733e-04 1.138068464736133719e-04 6.067741373560861420e-05 8.716823932259324000e-05 9.605695970291432302e-05 9.732010953666060866e-05 1.084303487805182237e-04 1.046757270396986913e-04 -3.873414497880248935e-06 -1.662320175026524343e-05 2.686172800436576087e-04 9.811406243397676038e-05 5.641742378218954872e-05 7.560842722441762519e-05 7.146539241765244418e-05 6.486576407305812966e-05 5.543192716978042321e-05 4.144046907413434213e-05 1.098995894546525684e-05 -1.571875214839400396e-05 3.057280039731433857e-04 2.394467934140690206e-04 1.431302242150340380e-04 1.239601972368091325e-04 9.827342245153053001e-05 8.381933789323429854e-05 7.256692275439834594e-05 4.517343769581063533e-05 1.930366625251357250e-05 -2.135547896428247898e-05 -1.768561221290374896e-04 -1.805261443224751938e-04 6.313189838030049247e-05 6.879128028640509743e-06 2.013329927958646998e-05 4.147450865234595574e-06 -2.869839409493943019e-05 -3.259893527886005777e-05 -6.213490774816491146e-06 6.606391729435445170e-06 -5.376121524119368330e-04 -1.867596347848645029e-04 4.170507798986346324e-05 -5.504250675716726118e-05 9.192056766661664576e-06 5.521164711671489272e-05 3.740955660143624706e-05 1.400488228439738810e-05 -2.617334113748511379e-05 9.013089530126080085e-06 1.680141613905608003e-03 -1.180051096498421553e-03 -5.720571180426696213e-06 1.970077931401938956e-04 -1.220056651969323353e-04 -1.814005800181197063e-04 -1.751156845147420007e-04 -4.755566301762138360e-05 2.551023975725516385e-06 1.007787150528100400e-05
1.821339130608181617e-05 2.311872180039458832e-05 1.540256651140463006e-05 6.396373596443236893e-06 5.613337819640688283e-06 3.092104930813015996e-06 -2.783807558240718743e-06 -3.873414497880248935e-06 1.551093139111282739e-05 -7.036725074687288473e-06 2.922061163015854960e-05 1.055339651064821556e-06 -3.604922509795412442e-06 -2.479082877813599229e-07 -8.531831502289122543e-07 4.783824488849735769e-07 3.076918973612077687e-06 1.182734957527276089e-06 3.543523747844303273e-06 -1.862040714079362341e-06 1.868128731065759566e-04 2.383378032938196579e-05 2.859297007249847841e-05 3.759204817189125459e-06 2.856214449451230620e-06 -3.827500989496997722e-06 3.304536333761111574e-07 1.098376222500038568e-06 5.459595975492632359e-06 -2.925354141558575414e-06 7.820467369489171464e-05 -5.119385981747129316e-05 -3.814033513902445323e-05 6.048999117019948574e-06 3.671920775756231211e-05 3.957439897109592464e-05 3.680420242638131648e-05 2.474260965600339612e-05 -4.813652325021302803e-06 -2.781776690229295765e-06 4.985364980599625475e-05 -2.539385094587425472e-04 -1.182906800285274607e-04 3.746582355747253118e-05 2.408245200521041537e-05 3.281710483162686692e-05 2.633268299225348353e-05 2.002616046198346056e-05 -1.741754225005789073e-05 4.947098476613246360e-06 -1.168102674122484740e-04 -3.583594639040886347e-04 4.261534221252823715e-05 -2.183965715488599783e-05 6.673427087377616974e-05 8.158356746575385189e-05 6.973268568869282595e-05 3.091691818382560214e-05 2.426557723867492013e-06 -9.558657028836656830e-06
-4.577532483915635497e-05 -3.759310053482152003e-05 -2.379024863728043294e-05 -2.252517516612782388e-05 -2.324933944391351947e-05 -2.079306031848851468e-05 -1.882462418417139860e-05 -1.662320175026524343e-05 -7.036725074687288473e-06 6.753828848514753004e-06 -6.069079638993571770e-05 -1.658865673645184280e-05 -8.500369226082183299e-06 -1.353353974182503313e-05 -1.153335815727870954e-05 -1.078927873297161425e-05 -1.117667700618186463e-05 -7.382691237224479754e-06 -2.002709660041107993e-06 2.801112574650715949e-06 -1.426298172263070992e-04 -5.865800976597511065e-05 -4.334201685130341277e-05 -2.407672084776463204e-05 -1.823171618572876261e-05 -1.276842720697592957e-05 -1.130969340739225484e-05 -7.452272515629550599e-06 -6.233972815011832320e-06 5.176089327337515753e-06 3.999970790687710066e-05 7.504387578431979998e-05 1.622105980880906163e-05 -2.944345205561044020e-06 -2.090020287647414795e-05 -1.955441515445923760e-05 -1.135974873271090630e-05 -5.175210915793666392e-06 3.458447739969207556e-06 -7.903465315472730123e-08 1.659185609805672625e-04 1.668791274753793591e-04 6.002878883148475369e-05 -8.269912567854524705e-06 -1.260354290664840045e-05 -2.631990171549093412e-05 -1.719251754362282665e-05 -1.041983697161262349e-05 1.332827851295034632e-05 -4.471158998130512730e-06 -1.016099714108176526e-04 3.862276845618285021e-04 -2.832744304935647786e-05 -1.918194008287122296e-05 -1.077020947477215532e-05 -1.591720971320904839e-05 -3.438566568942967320e-06 -5.476751870306572481e-06 -2.830056263915367828e-06 3.347228469103520709e-06
6.526005704330608463e-04 2.483606042698036152e-04 1.119253392470700482e-04 1.819688566776668645e-04 2.454448267875382166e-04 2.551715793790879463e-04 2.904443213824318970e-04 2.686172800436576087e-04 2.922061163015854960e-05 -6.069079638993571770e-05 1.687113105193841552e-03 3.438661857009248698e-04 2.348794898060311144e-04 2.602138577755397494e-04 2.783723489031227939e-04 2.591823295499680433e-04 3.045492026515106312e-04 2.627235718641848295e-04 4.990122531470461302e-05 -7.753069554274705309e-05 2.602381268019796860e-03 9.507828736803989201e-04 6.382456888950837313e-04 4.474803619965762608e-04 4.396667886836593572e-04 3.956046105030531970e-04 4.092278699712776518e-04 3.551819434406312684e-04 7.435487364958789491e-05 -1.093949642501145994e-04 5.533925144852899726e-04 2.340195305401078551e-04 6.285473983088990177e-04 3.489806317427338999e-04 4.225877098917140817e-04 2.563580234100742679e-04 2.617859474226683146e-04 2.008569579705502331e-04 -2.001622553886577778e-05 -3.791917472171466323e-05 2.142371599586868122e-03 -1.025739064268676439e-03 3.768612031195144626e-04 1.741086124908653387e-04 1.413821952547835966e-04 2.648845578196071899e-04 2.729546693353639922e-04 1.726258335385556233e-04 -1.071057043313001909e-04 7.218354788405821212e-06 1.300851789056677206e-02 -2.506108670292744433e-03 -1.636748781564381020e-04 1.282909978422741093e-03 -2.497424880143734953e-04 -4.764737260558208156e-04 -1.466094477760295173e-04 1.095233155989666532e-04 2.374198392971494780e-05 -2.973007164562617728e-05
3.405703886236918754e-04 1.992029899455371599e-04 4.728003052265090928e-05 1.410102943125838052e-04 1.428637655512359742e-04 1.423568574024380059e-04 1.108510033499351700e-04 9.811406243397676038e-05 1.055339651064821556e-06 -1.658865673645184280e-05 3.438661857009248698e-04 8.047143084424676325e-04 4.710839796459457608e-04 3.787525218407716528e-04 3.130615131854492172e-04 2.154676702017368833e-04 1.520886334116610512e-04 1.088415687661943088e-04 2.481881757239973272e-05 -4.346178558882521608e-05 5.582729827858796522e-04 6.223910509894247300e-04 2.650228526252322017e-04 3.350135312882166535e-04 2.547254526531207404e-04 1.801566923734925787e-04 1.784313066346851181e-04 1.179335573312777376e-04 7.149829442174487517e-06 -2.990099572212667382e-05 -1.546121686376578531e-03 1.256805917550511318e-04 2.646705019473862691e-04 1.593180861361067192e-04 2.208948910091222673e-04 1.764228619179837891e-04 4.079463966742038740e-05 -7.536468995290933164e-05 -1.116782537381284465e-05 6.239810299396176097e-06 -2.605369792247647434e-03 -1.473815773687716117e-04 2.989700935136676402e-04 6.062118758666538629e-05 1.795667877416433811e-04 -4.498925791480577665e-05 -1.124039037898820600e-04 -1.866993147122968544e-04 3.349259479257959998e-06 2.358389439130877753e-05 6.229486704885398539e-03 6.270225698949870785e-04 -1.172183798846376671e-03 3.364629464027960753e-04 2.946874325257785050e-04 -2.611082073677011367e-05 -1.076896967054988806e-04 -2.161309495441506977e-04 -3.364730064088114584e-05 4.064830183604555214e-05
2.624803515084249005e-04 8.925972081519277881e-05 3.086944698317385465e-05 8.522079439050242184e-05 8.978951049077957562e-05 8.738192395384543560e-05 6.902151702706254980e-05 5.641742378218954872e-05 -3.604922509795412442e-06 -8.500369226082183299e-06 2.348794898060311144e-04 4.710839796459457608e-04 3.986697713375308354e-04 2.868114662153979817e-04 2.295106060852565707e-04 1.535635736159937951e-04 1.244986758594691793e-04 8.212327476925866915e-05 1.149824513704619297e-05 -3.059202617933243218e-05 3.326279922175202756e-04 3.945250841758118909e-04 2.845225483451639778e-04 2.771724567186821422e-04 2.073925708112342263e-04 1.389496042268668918e-04 1.339939435727668254e-04 9.356684358203723722e-05 1.339092394336013312e-05 -2.778340174371691842e-05 -6.358856763948890880e-04 5.080675591415978899e-04 4.895719801148949030e-04 2.279805489933775010e-04 1.993086449296774081e-04 1.269234848112578212e-04 6.057919443929617013e-05 1.161714678603731202e-05 2.368464998023950008e-06 -1.197117033214078471e-05 -3.827236411649619259e-03 4.425237828386061729e-04 1.241770179628868479e-04 8.887642021551431606e-05 1.878297075954236408e-04 6.324677146586814774e-06 -6.315787781217030370e-06 -5.536102890489663148e-05 1.031104495316956070e-05 -7.478584353410479317e-07 1.307339632498536863e-03 1.188626415875579335e-03 -1.106152108940356522e-03 3.747353934309059732e-04 2.594763083186560544e-04 -4.184969411387278558e-06 -1.374888290368286707e-05 -9.744099658325159350e-05 -1.650489489390664813e-05 1.612126748478304842e-05
2.512189291298543188e-04 1.503833508454054623e-04 7.456181774831950539e-05 1.173459593529350194e-04 1.034011771804413475e-04 9.634175816575967031e-05 8.542223327978949764e-05 7.560842722441762519e-05 -2.479082877813599229e-07 -1.353353974182503313e-05 2.602138577755397494e-04 3.787525218407716528e-04 2.868114662153979817e-04 2.961497021928419042e-04 2.446537694070079986e-04 1.854672208685822176e-04 1.643596101197619664e-04 1.228142982527997160e-04 -1.244259092781141130e-06 -2.909300919514304053e-05 4.834896457576131593e-04 3.558236345748926445e-04 2.761942276882861451e-04 3.229941785223166173e-04 2.840443031018036451e-04 2.223803408836606767e-04 2.200058799629015958e-04 1.702658937078874635e-04 -6.865927147512145865e-06 -3.285009121182905673e-05 -1.806340456049006801e-04 3.638349994861744883e-04 4.037937159427170048e-04 2.421546234288258288e-04 2.365899223671891584e-04 1.829338626398850935e-04 9.919857336873032368e-05 3.207491917241451742e-05 1.080554773532759102e-05 -2.184491552889323971e-05 -2.990720094618746095e-03 -6.059062053794602061e-05 -6.107910705450802556e-06 9.919806664497733239e-05 1.688720963328785285e-04 2.997990515012138844e-05 -9.185949338721889379e-06 -5.537456910534842031e-05 -1.026679035620512074e-05 1.022079430857178084e-05 1.566868188924643848e-03 -1.264570054023688318e-03 -1.329767698193482775e-03 3.407812175369684892e-04 2.697283929131705899e-04 1.174533861136954751e-04 4.098239096760974254e-05 -2.278816549628464031e-06 -1.304584368548570951e-05 -2.175694340191042765e-06
2.377776516783243650e-04 1.131662429508540626e-04 5.291258806696431678e-05 8.794019399119576235e-05 8.308354588983503462e-05 7.707844136965521652e-05 7.307007456564620928e-05 7.146539241765244418e-05 -8.531831502289122543e-07 -1.153335815727870954e-05 2.783723489031227939e-04 3.130615131854492172e-04 2.295106060852565707e-04 2.446537694070079986e-04 2.332072205691263639e-04 1.910007102804301012e-04 1.732787740904781493e-04 1.361333033630894563e-04 3.950011070431728466e-06 -3.258129578034089224e-05 4.783729981354836822e-04 2.593658608461233968e-04 1.649955549006810161e-04 2.438029766881373431e-04 2.481248211958715687e-04 2.069033503850559110e-04 2.147982443149570311e-04 1.744177067071848585e-04 -7.623978688924331439e-06 -3.059253087249549387e-05 -2.026932885940583109e-04 2.944050269339888639e-04 2.309777097835435120e-04 1.465365644052364223e-04 1.668602451135164097e-04 1.206517829851108371e-04 5.774202256723402825e-05 2.887707599659424084e-06 1.032197849271975855e-05 -1.331892874804960751e-05 -1.958133834894035773e-03 -4.628213289370423510e-04 -3.469801781397932150e-05 3.538394461904549701e-05 9.549902173529122148e-05 -1.336257401537687042e-05 -1.285624908587479351e-05 -3.814189856543671116e-05 -1.419429297776906783e-05 1.113233901645949016e-05 2.805122960168042467e-03 -8.606635896892463359e-04 -1.163254438215236518e-03 4.249994846563152039e-04 1.995446660874162473e-04 6.037203302962615734e-05 9.894390726970830313e-06 8.759197029949991549e-06 -1.047162054107281149e-05 -1.419814306503265852e-06
2.048114795822472071e-04 8.575720558837504484e-05 3.791667109922026345e-05 6.323776780371342173e-05 6.043718337406987990e-05 5.985628732915614536e-05 6.059582282463133845e-05 6.486576407305812966e-05 4.783824488849735769e-07 -1.078927873297161425e-05 2.591823295499680433e-04 2.154676702017368833e-04 1.535635736159937951e-04 1.854672208685822176e-04 1.910007102804301012e-04 1.731700255246221808e-04 1.629713669196208078e-04 1.351797044368740412e-04 2.709262176200580427e-06 -3.002424119122358161e-05 4.712343962490767447e-04 1.785661088596021163e-04 9.235438290756988584e-05 1.894524681951795405e-04 2.065665338711558208e-04 1.825813188294195092e-04 1.976629766951165266e-04 1.677681360922961750e-04 -7.182995356842051732e-06 -2.813769306316074389e-05 -7.079409862452183883e-05 2.277668774671815302e-04 1.308489811887635708e-04 7.546737035472017281e-05 1.100848028328304737e-04 7.431091859861920672e-05 3.007481731017979792e-05 -1.429279043928554701e-06 1.669888691226544008e-05 -1.277092757176134640e-05 -9.538452483378917404e-04 -6.054480682085154088e-04 -5.534782947751625199e-05 1.799883555583383179e-05 3.538513299442643309e-05 -3.900635498518871075e-05 -1.359545832023082336e-05 -1.979972112246057808e-05 -2.069591896184591739e-05 1.294996457014039202e-05 1.899271648245246663e-03 -8.559490188448596465e-04 -8.917598387261544985e-04 4.429996810408389765e-04 1.166176360582385751e-04 2.979061172763794004e-05 -1.341550480081734378e-05 2.826008349718591147e-05 2.561051127848293106e-06 -7.313249723652629335e-06
1.691831503820402313e-04 9.127445598774205221e-05 5.403678701546037926e-05 6.669742827355372135e-05 6.351182560940696700e-05 5.234017722934651800e-05 5.344070399921826557e-05 5.543192716978042321e-05 3.076918973612077687e-06 -1.117667700618186463e-05 3.045492026515106312e-04 1.520886334116610512e-04 1.244986758594691793e-04 1.643596101197619664e-04 1.732787740904781493e-04 1.629713669196208078e-04 1.835723490392532397e-04 1.541911818663192334e-04 -1.043585633981542974e-05 -2.577890630731133364e-05 5.413599517597381247e-04 1.699503460881204397e-04 1.002348922855797903e-04 1.786105906500127041e-04 2.029849044823799640e-04 1.722453124468436951e-04 1.895875792765142206e-04 1.701870922524240722e-04 1.040321595750098182e-06 -3.218643278106965498e-05 8.431726255613393797e-05 1.684334931702794131e-04 8.926052990490521599e-05 6.282333725076066162e-05 1.003043490708315465e-04 4.358495365354970552e-05 2.469683381233054006e-05 -2.949274827495125200e-06 2.373277620311534491e-05 -1.505322899167343181e-05 -1.010018652449788537e-03 -5.585817294193063656e-04 -2.807621069275284564e-04 -4.390782566036922875e-05 -3.121192219374279331e-05 -6.003271878680413551e-05 -3.671185859104498275e-05 -3.074242806307418870e-05 -2.270961148304705739e-05 1.689177052507001946e-05 -6.813127257161736769e-04 -1.229639177262312937e-03 -1.234174727209020640e-03 5.121642692942033216e-04 8.178649945031164022e-05 2.215077011167701084e-05 8.585200797542447325e-06 3.165949920424351090e-05 5.690032127012856177e-06 -9.751845251458193467e-06
1.388186373251102193e-04 5.232634029252122593e-05 2.879208079328920511e-05 4.014390752365066845e-05 3.382089189532994132e-05 2.991609581519862957e-05 3.609169103365516087e-05 4.144046907413434213e-05 1.182734957527276089e-06 -7.382691237224479754e-06 2.627235718641848295e-04 1.088415687661943088e-04 8.212327476925866915e-05 1.228142982527997160e-04 1.361333033630894563e-04 1.351797044368740412e-04 1.541911818663192334e-04 1.402147775022629262e-04 -2.986772718452865175e-06 -2.557123674626859855e-05 5.532971259517213952e-04 1.336608711424526800e-04 6.337753465044328898e-05 1.389693111901614932e-04 1.689921739883629398e-04 1.490669271532517684e-04 1.744344830313349049e-04 1.686192804372971970e-04 -8.436312060888991503e-07 -2.985848593377441447e-05 1.315725488801022509e-04 1.843537962373913977e-04 7.252973865616761336e-05 5.082909221478713418e-05 7.847893040425906483e-05 2.878670899897604014e-05 2.512503623314475077e-05 7.866277612453667531e-06 2.316080588327418084e-05 -1.549192318619188166e-05 -2.111834110958417355e-04 -4.860473033399595184e-04 -1.566978162864595086e-04 -7.167550905607348765e-06 -4.680818695810992592e-05 -7.438230800489717474e-05 -3.889541867980322865e-05 -1.674846436541739840e-05 -2.189651133716242307e-05 1.469237712692726768e-05 -2.124627779663444888e-04 -2.934661312919356418e-04 -8.773248363022973428e-04 5.113886290212436110e-04 4.679020369133470470e-05 -1.798715384629907886e-05 9.500211988993750891e-06 5.042354801331580576e-05 7.744304530030647171e-06 -1.117230005827602067e-05
6.921454730129715592e-05 -2.678084525890545530e-05 -2.756859312272058620e-05 -1.709835398103691062e-05 -1.354028583963432833e-05 -2.025989251135647914e-06 6.401689738393018935e-06 1.098995894546525684e-05 3.543523747844303273e-06 -2.002709660041107993e-06 4.990122531470461302e-05 2.481881757239973272e-05 1.149824513704619297e-05 -1.244259092781141130e-06 3.950011070431728466e-06 2.709262176200580427e-06 -1.043585633981542974e-05 -2.986772718452865175e-06 2.507585804568032424e-05 -1.219979893786723841e-05 2.273262284767496165e-04 5.167851826017837977e-05 1.871500467116475052e-05 8.610947607893470270e-06 4.801021505987622463e-06 8.132469139703082692e-06 2.143918607862045435e-05 2.100238861860089182e-05 4.747642255681642718e-06 -5.959745245840904237e-06 2.321540655355855984e-04 1.009884809505221545e-04 7.015723086357523151e-05 3.086430443580319427e-05 3.168028512646173565e-05 3.465712527318697602e-05 3.799763685791011952e-05 3.290014509373408565e-05 -6.633106369532772487e-06 -3.785394240042302167e-06 6.593619834686498520e-04 6.929780510696305071e-06 1.652079669168824501e-04 5.619070470269494993e-05 4.091659380119717698e-05 3.333871943668850524e-05 4.941444253487214179e-05 4.645192547824232701e-05 -5.279360379358104532e-06 -6.835580983931182687e-06 2.313545889770575979e-03 1.065516898214317887e-03 4.141058341716347146e-04 1.070533502248095683e-04 3.214964249583965290e-05 -5.622677107335499373e-05 1.433368195561227899e-05 3.297920429649563162e-05 -5.122805562847265834e-06 -2.629751696074900064e-06
-6.861457510893184913e-05 -4.934055731070503572e-07 5.993152032697275954e-06 -2.626002853347704916e-06 -3.483849895961249247e-06 -8.210265362662148004e-06 -1.304958575490996088e-05 -1.571875214839400396e-05 -1.862040714079362341e-06 2.801112574650715949e-06 -7.753069554274705309e-05 -4.346178558882521608e-05 -3.059202617933243218e-05 -2.909300919514304053e-05 -3.258129578034089224e-05 -3.002424119122358161e-05 -2.577890630731133364e-05 -2.557123674626859855e-05 -1.219979893786723841e-05 1.149521138040373641e-05 -2.155833650284169568e-04 -5.981280040555803784e-05 -2.617366858986296235e-05 -3.541893978606664025e-05 -3.737953460196039962e-05 -3.423818067542722874e-05 -4.473429933223985107e-05 -4.213257784637234373e-05 -2.533305916313686608e-06 8.867149226481752357e-06 -1.060142190369642442e-04 -8.833775004499344456e-05 -5.742002549734172826e-05 -2.841686801755580281e-05 -3.412721249220910445e-05 -2.546788548144043160e-05 -2.419188540446136655e-05 -1.772099342755798233e-05 -6.138284890834699712e-07 4.765694133014746590e-06 -1.366402696696762849e-04 9.852693553734309477e-05 -5.292589182732798913e-05 -2.732390090426382379e-05 -1.644074972976384188e-05 -4.304666597719863983e-06 -1.848700275822790209e-05 -1.913092263487887866e-05 6.543345483329297211e-06 7.937171254983930112e-07 -1.174963417163542214e-03 -4.808673580709004066e-04 -8.657869148503767170e-07 -1.490925545891935537e-04 -2.719124758345744622e-05 3.255247052685669723e-05 -5.048505944877009012e-06 -2.270000472076169745e-05 1.509475346096034948e-06 2.718134019437312650e-06
1.556809426171461763e-03 5.601019430858727652e-04 1.173185657438678947e-04 2.541076722915507156e-04 2.959615409049890064e-04 3.753650448852345351e-04 3.537584764285756512e-04 3.057280039731433857e-04 1.868128731065759566e-04 -1.426298172263070992e-04 2.602381268019796860e-03 5.582729827858796522e-04 3.326279922175202756e-04 4.834896457576131593e-04 4.783729981354836822e-04 4.712343962490767447e-04 5.413599517597381247e-04 5.532971259517213952e-04 2.273262284767496165e-04 -2.155833650284169568e-04 1.082701997451672275e-02 2.482808090697912265e-03 1.608516053610991019e-03 9.997723875064083721e-04 9.679191656770058877e-04 9.333696750841374368e-04 1.109524756933551615e-03 1.071985062533982675e-03 1.989163664031390756e-04 -3.034527355713132857e-04 6.376587324971154554e-03 5.060828578074542299e-04 6.088359513222401211e-04 9.232823222853758912e-04 1.241757047131246188e-03 1.125688871256795781e-03 1.113923769552901824e-03 7.757306722402648388e-04 -3.180178415672688798e-06 -1.747693620342570856e-04 8.808760023133679548e-03 -3.429066758613156379e-03 -4.683727498899795333e-04 1.167202448601156219e-03 6.306508952861904129e-04 6.003264187717422028e-04 7.121282892376529488e-04 6.941722894100147865e-04 -3.941187585976351718e-04 4.603339049155763220e-05 -1.044095557650797333e-02 1.168678307378684909e-02 1.496195480463350389e-03 4.326558817620636439e-03 1.116463176295552640e-03 2.668660729717037012e-04 1.276020436401672283e-03 1.024145719015323152e-03 -6.255813056057638289e-06 -2.082164256492397860e-04
7.487317462347008613e-04 5.321499790944244496e-04 2.866584104560705184e-04 3.104038862652878862e-04 3.049148329761912119e-04 3.001337177545569689e-04 3.035893877458335386e-04 2.394467934140690206e-04 2.383378032938196579e-05 -5.865800976597511065e-05 9.507828736803989201e-04 6.223910509894247300e-04 3.945250841758118909e-04 3.558236345748926445e-04 2.593658608461233968e-04 1.785661088596021163e-04 1.699503460881204397e-04 1.336608711424526800e-04 5.167851826017837977e-05 -5.981280040555803784e-05 2.482808090697912265e-03 1.962705406376420280e-03 1.206274933289009027e-03 8.022094592123519717e-04 5.198519311783179322e-04 3.604282261811666633e-04 3.769723082076512901e-04 2.880133165429535195e-04 6.323468236425168942e-05 -1.008977813113789502e-04 2.599341622426521695e-04 8.476957013928975728e-05 8.653908411337232808e-04 5.902272168044211216e-04 4.470901400642249518e-04 3.746119013676778254e-04 2.788660540206502132e-04 9.603967983194374369e-05 3.077564247572468981e-05 -5.949100899806470055e-05 -2.028534354895774466e-03 6.011074066128810909e-04 5.425897648315360002e-04 5.628201391083025766e-04 4.199032598535527459e-04 4.053138488007002722e-04 2.406291146784869379e-04 1.098335050852664209e-04 -1.171973739893264151e-04 1.168606185853939665e-05 -2.985350418945249048e-03 2.601797192349908014e-03 1.492623808909343368e-03 1.345100497747302908e-03 3.588744728310627892e-04 1.318230178554333436e-05 1.634711916789076305e-04 1.120533271804212573e-04 1.409588972153544456e-05 -5.385663608362382964e-05
4.487193814023768962e-04 3.605780104090525965e-04 2.175504015787858793e-04 2.035570961678458384e-04 1.838070316813397319e-04 1.868012987759319220e-04 1.896214891737386043e-04 1.431302242150340380e-04 2.859297007249847841e-05 -4.334201685130341277e-05 6.382456888950837313e-04 2.650228526252322017e-04 2.845225483451639778e-04 2.761942276882861451e-04 1.649955549006810161e-04 9.235438290756988584e-05 1.002348922855797903e-04 6.337753465044328898e-05 1.871500467116475052e-05 -2.617366858986296235e-05 1.608516053610991019e-03 1.206274933289009027e-03 1.138292355522605229e-03 6.958843017235055760e-04 4.858100616921869888e-04 3.149831272766519621e-04 2.926564510513549825e-04 2.237401806208030592e-04 5.555830040124074004e-05 -8.596928226559367341e-05 1.285442301638727155e-03 6.463740696882178853e-04 1.211406747103048855e-03 6.743998094105513926e-04 4.392973143877975935e-04 3.284734805223443787e-04 2.699290601777417200e-04 1.610011894129634216e-04 3.610929430788194152e-05 -6.905770242201143838e-05 -2.364047433944345931e-03 1.446993120660510163e-03 2.591647852750995451e-04 5.441237051398210801e-04 4.576092543923612776e-04 3.987377756372264040e-04 2.560150573553829291e-04 1.596917282437306993e-04 -9.985827228374404582e-05 5.140884634493321453e-06 -5.852958108452305415e-03 -6.862431373578414730e-04 1.105682331997403720e-03 7.330607166201569920e-04 4.589484872890176059e-04 1.733656151036515574e-04 2.730808017447814936e-04 1.709011063679054460e-04 3.341494509427482865e-05 -7.227444620801449983e-05
3.805320635509630437e-04 2.335276378495973611e-04 1.257824938728649227e-04 1.466028179776043957e-04 1.136453800499928873e-04 1.307469705560282305e-04 1.359739253992614321e-04 1.239601972368091325e-04 3.759204817189125459e-06 -2.407672084776463204e-05 4.474803619965762608e-04 3.350135312882166535e-04 2.771724567186821422e-04 3.229941785223166173e-04 2.438029766881373431e-04 1.894524681951795405e-04 1.786105906500127041e-04 1.389693111901614932e-04 8.610947607893470270e-06 -3.541893978606664025e-05 9.997723875064083721e-04 8.022094592123519717e-04 6.958843017235055760e-04 6.363118225231053715e-04 4.748067367950428719e-04 3.477059464568995261e-04 3.479633142621930530e-04 2.754235215595206786e-04 1.572207229990195223e-05 -7.003470386837927226e-05 9.548343612132880126e-04 7.321098738199858721e-04 8.418083899612572836e-04 5.027459752069133496e-04 3.667477845844079715e-04 2.660741726984795818e-04 1.736133074364408675e-04 9.609492241883780986e-05 6.570690581826654254e-05 -6.576721276130008289e-05 -1.449623782947231498e-03 1.193782652336281567e-03 4.430939682799790724e-04 4.316642685806261698e-04 3.592880774343595765e-04 2.171888703948631394e-04 1.193177629812438141e-04 4.562877309066471133e-05 -2.489546475665521680e-05 -8.093633747900126263e-06 -1.505775427038279733e-03 -1.812594504752763241e-04 3.615189577270867274e-04 7.600019844614341966e-04 5.277643231623833659e-04 2.160818764790643960e-04 1.437978832270665221e-04 1.235273178875803928e-04 4.895290477848949053e-05 -6.456607638382400765e-05
3.005627272486390629e-04 1.821037681332467347e-04 9.742568815714194386e-05 1.139181975015342269e-04 8.789731158053980015e-05 9.632878657507429679e-05 1.051141428895181398e-04 9.827342245153053001e-05 2.856214449451230620e-06 -1.823171618572876261e-05 4.396667886836593572e-04 2.547254526531207404e-04 2.073925708112342263e-04 2.840443031018036451e-04 2.481248211958715687e-04 2.065665338711558208e-04 2.029849044823799640e-04 1.689921739883629398e-04 4.801021505987622463e-06 -3.737953460196039962e-05 9.679191656770058877e-04 5.198519311783179322e-04 4.858100616921869888e-04 4.748067367950428719e-04 4.331247859523483512e-04 3.419858791710625023e-04 3.476165232668132618e-04 2.952036531875621567e-04 1.544756973613432220e-07 -6.175229565567900362e-05 8.102134539823297593e-04 6.324309961020664053e-04 6.430249822388978175e-04 3.918946436235550045e-04 3.063042698763048161e-04 2.155173904179036846e-04 1.552966242829606112e-04 8.326851254588919738e-05 4.819652922654419074e-05 -5.239127961769642902e-05 -9.432638291580616122e-04 1.190089961564687110e-04 1.792439998214755755e-04 2.886795024066484750e-04 2.352966356462936760e-04 1.081276541499538940e-04 7.446012260608983349e-05 3.911689454726605776e-05 -3.701883437773144771e-05 3.872000759984938643e-06 7.936669727035890621e-04 -8.666029918896360268e-04 -5.080507438748515982e-04 6.884946726818848024e-04 3.805994851529528249e-04 1.575062640376311614e-04 1.371157316001905488e-04 1.544825429597826872e-04 2.663793570500232064e-05 -5.093624545770848158e-05
2.497133917556512879e-04 1.407038820169014080e-04 6.956858643620834589e-05 8.309797580816623860e-05 6.697953911380993331e-05 7.650577934999823319e-05 8.616965820710231468e-05 8.381933789323429854e-05 -3.827500989496997722e-06 -1.276842720697592957e-05 3.956046105030531970e-04 1.801566923734925787e-04 1.389496042268668918e-04 2.223803408836606767e-04 2.069033503850559110e-04 1.825813188294195092e-04 1.722453124468436951e-04 1.490669271532517684e-04 8.132469139703082692e-06 -3.423818067542722874e-05 9.333696750841374368e-04 3.604282261811666633e-04 3.149831272766519621e-04 3.477059464568995261e-04 3.419858791710625023e-04 3.296259823231806460e-04 3.298967248065819277e-04 2.994387732429767165e-04 -1.041295814514568223e-05 -5.477717513273740787e-05 3.295883950251194024e-04 5.167482150894086657e-04 4.748415011149613647e-04 2.961090359968375843e-04 2.391432215490069612e-04 1.867709689337765041e-04 1.255395415688772328e-04 7.743062941431387699e-05 4.418315160169359462e-05 -4.693276782192818027e-05 -7.372449898763270833e-05 -2.310024534388885234e-04 3.533645148591057616e-04 2.165219440631478969e-04 1.408110500239706606e-04 3.869512607688929993e-05 1.921910251770220986e-05 1.121679129800728988e-05 -9.974684789485433061e-06 -3.430753986195503667e-06 2.978663026457318858e-03 2.069723441436244150e-04 -1.932591067524552786e-04 6.323069638460574512e-04 2.697620457468664153e-04 1.046069065829521090e-04 7.208320749476134360e-05 1.368489735947148189e-04 3.228208824808147037e-05 -4.439504484337106595e-05
