1.687113105193841552e-03 3.438661857009248698e-04 2.348794898060311144e-04 2.602138577755397494e-04 2.783723489031227939e-04 2.591823295499680433e-04 3.045492026515106312e-04 2.627235718641848295e-04 4.990122531470461302e-05 -7.753069554274705309e-05
3.438661857009248698e-04 8.047143084424676325e-04 4.710839796459457608e-04 3.787525218407716528e-04 3.130615131854492172e-04 2.154676702017368833e-04 1.520886334116610512e-04 1.088415687661943088e-04 2.481881757239973272e-05 -4.346178558882521608e-05
2.348794898060311144e-04 4.710839796459457608e-04 3.986697713375308354e-04 2.868114662153979817e-04 2.295106060852565707e-04 1.535635736159937951e-04 1.244986758594691793e-04 8.212327476925866915e-05 1.149824513704619297e-05 -3.059202617933243218e-05
2.602138577755397494e-04 3.787525218407716528e-04 2.868114662153979817e-04 2.961497021928419042e-04 2.446537694070079986e-04 1.854672208685822176e-04 1.643596101197619664e-04 1.228142982527997160e-04 -1.244259092781141130e-06 -2.909300919514304053e-05
2.783723489031227939e-04 3.130615131854492172e-04 2.295106060852565707e-04 2.446537694070079986e-04 2.332072205691263639e-04 1.910007102804301012e-04 1.732787740904781493e-04 1.361333033630894563e-04 3.950011070431728466e-06 -3.258129578034089224e-05
2.591823295499680433e-04 2.154676702017368833e-04 1.535635736159937951e-04 1.854672208685822176e-04 1.910007102804301012e-04 1.731700255246221808e-04 1.629713669196208078e-04 1.351797044368740412e-04 2.709262176200580427e-06 -3.002424119122358161e-05
3.045492026515106312e-04 1.520886334116610512e-04 1.244986758594691793e-04 1.643596101197619664e-04 1.732787740904781493e-04 1.629713669196208078e-04 1.835723490392532397e-04 1.541911818663192334e-04 -1.043585633981542974e-05 -2.577890630731133364e-05
2.627235718641848295e-04 1.088415687661943088e-04 8.212327476925866915e-05 1.228142982527997160e-04 1.361333033630894563e-04 1.351797044368740412e-04 1.541911818663192334e-04 1.402147775022629262e-04 -2.986772718452865175e-06 -2.557123674626859855e-05
4.990122531470461302e-05 2.481881757239973272e-05 1.149824513704619297e-05 -1.244259092781141130e-06 3.950011070431728466e-06 2.709262176200580427e-06 -1.043585633981542974e-05 -2.986772718452865175e-06 2.507585804568032424e-05 -1.219979893786723841e-05
-7.753069554274705309e-05 -4.346178558882521608e-05 -3.059202617933243218e-05 -2.909300919514304053e-05 -3.258129578034089224e-05 -3.002424119122358161e-05 -2.577890630731133364e-05 -2.557123674626859855e-05 -1.219979893786723841e-05 1.149521138040373641e-05
