4.362352074898642046e-02 2.957246099312977727e-03 3.854866960549165143e-03 2.291733240310966663e-03 2.117925183332847704e-03 2.091984437029462823e-03 2.679552139910876263e-03 2.379717460239604183e-03 1.149434143685467319e-04 -5.231291784644571865e-04
2.957246099312977727e-03 6.555982884711751037e-03 3.761487398590384213e-03 1.599742985440767099e-03 6.186594048292030652e-04 3.342539220161212885e-04 4.253885137048881034e-04 4.795947883260398255e-04 1.901654295183312002e-04 -2.063805434605949255e-04
3.854866960549165143e-03 3.761487398590384213e-03 3.683154875010587539e-03 1.421204108756316149e-03 6.441880304862825177e-04 4.279110754201292922e-04 4.721310266884658734e-04 4.231555470041643320e-04 9.509961655643446642e-05 -1.632279984885903128e-04
2.291733240310966663e-03 1.599742985440767099e-03 1.421204108756316149e-03 8.893777660235725963e-04 5.799148765991302568e-04 4.767123152017029670e-04 4.494505816045571054e-04 3.567849695536733676e-04 4.468917640464357667e-05 -1.080329835747108254e-04
2.117925183332847704e-03 6.186594048292030652e-04 6.441880304862825177e-04 5.799148765991302568e-04 6.107110825608177756e-04 5.627954550140576223e-04 5.220637354740280530e-04 4.130066135211526057e-04 -7.180650817990773081e-06 -8.641312653921644324e-05
2.091984437029462823e-03 3.342539220161212885e-04 4.279110754201292922e-04 4.767123152017029670e-04 5.627954550140576223e-04 5.906602536173060974e-04 5.361712394839281311e-04 4.174785985291851881e-04 -2.867700637971011134e-05 -7.573155401932299597e-05
2.679552139910876263e-03 4.253885137048881034e-04 4.721310266884658734e-04 4.494505816045571054e-04 5.220637354740280530e-04 5.361712394839281311e-04 5.543550817425303614e-04 4.568412759352454499e-04 -3.269748899086335358e-05 -7.809331169655624649e-05
2.379717460239604183e-03 4.795947883260398255e-04 4.231555470041643320e-04 3.567849695536733676e-04 4.130066135211526057e-04 4.174785985291851881e-04 4.568412759352454499e-04 4.288967896590308265e-04 -2.229894480592427798e-05 -7.197254539458440201e-05
1.149434143685467319e-04 1.901654295183312002e-04 9.509961655643446642e-05 4.468917640464357667e-05 -7.180650817990773081e-06 -2.867700637971011134e-05 -3.269748899086335358e-05 -2.229894480592427798e-05 3.646039042663026846e-05 -1.456942309313314725e-05
-5.231291784644571865e-04 -2.063805434605949255e-04 -1.632279984885903128e-04 -1.080329835747108254e-04 -8.641312653921644324e-05 -7.573155401932299597e-05 -7.809331169655624649e-05 -7.197254539458440201e-05 -1.456942309313314725e-05 2.254325391302079446e-05
