1.072677752550392407e-03 2.523530194913430297e-04 1.357131125104091176e-04 1.740134780760758135e-04 1.894953040526027035e-04 1.852684225521281775e-04 2.340117140633425055e-04 2.130422681504922733e-04 1.821339130608181617e-05 -4.577532483915635497e-05
2.523530194913430297e-04 4.055628506956017345e-04 2.563139443288292552e-04 2.340847202148573338e-04 2.170884102482352506e-04 1.730883826254874533e-04 1.472443677563489619e-04 1.138068464736133719e-04 2.311872180039458832e-05 -3.759310053482152003e-05
1.357131125104091176e-04 2.563139443288292552e-04 1.968385890591151132e-04 1.574098781840272169e-04 1.398817162254148980e-04 9.881966410326440905e-05 8.453150521029797473e-05 6.067741373560861420e-05 1.540256651140463006e-05 -2.379024863728043294e-05
1.740134780760758135e-04 2.340847202148573338e-04 1.574098781840272169e-04 1.609621394585467697e-04 1.508375623831092311e-04 1.214185295286363615e-04 1.082635740256369499e-04 8.716823932259324000e-05 6.396373596443236893e-06 -2.252517516612782388e-05
1.894953040526027035e-04 2.170884102482352506e-04 1.398817162254148980e-04 1.508375623831092311e-04 1.569424051686833560e-04 1.297521558304526410e-04 1.179368136054589553e-04 9.605695970291432302e-05 5.613337819640688283e-06 -2.324933944391351947e-05
1.852684225521281775e-04 1.730883826254874533e-04 9.881966410326440905e-05 1.214185295286363615e-04 1.297521558304526410e-04 1.209930543584911090e-04 1.129424065346534790e-04 9.732010953666060866e-05 3.092104930813015996e-06 -2.079306031848851468e-05
2.340117140633425055e-04 1.472443677563489619e-04 8.453150521029797473e-05 1.082635740256369499e-04 1.179368136054589553e-04 1.129424065346534790e-04 1.211994458953724265e-04 1.084303487805182237e-04 -2.783807558240718743e-06 -1.882462418417139860e-05
2.130422681504922733e-04 1.138068464736133719e-04 6.067741373560861420e-05 8.716823932259324000e-05 9.605695970291432302e-05 9.732010953666060866e-05 1.084303487805182237e-04 1.046757270396986913e-04 -3.873414497880248935e-06 -1.662320175026524343e-05
1.821339130608181617e-05 2.311872180039458832e-05 1.540256651140463006e-05 6.396373596443236893e-06 5.613337819640688283e-06 3.092104930813015996e-06 -2.783807558240718743e-06 -3.873414497880248935e-06 1.551093139111282739e-05 -7.036725074687288473e-06
-4.577532483915635497e-05 -3.759310053482152003e-05 -2.379024863728043294e-05 -2.252517516612782388e-05 -2.324933944391351947e-05 -2.079306031848851468e-05 -1.882462418417139860e-05 -1.662320175026524343e-05 -7.036725074687288473e-06 6.753828848514753004e-06
