1.614446608637970515e-01 1.515561035207938813e-02 1.626901191350375170e-02 2.676744510180775662e-03 1.564087817184865378e-03 1.886811728094972725e-03 2.465300521284990564e-03 3.031212877540451038e-03 5.115440394453123121e-04 -8.521854073051212579e-04
1.515561035207938813e-02 2.788555776716156523e-02 6.607981117473815148e-03 1.532212401097476440e-03 1.735108509064342075e-03 1.460852712003497724e-03 8.525662606842537199e-04 7.312677641318928150e-04 8.069557557028550444e-04 -5.765347282702488682e-04
1.626901191350375170e-02 6.607981117473815148e-03 8.470552356773120711e-03 2.437786724735953488e-03 1.681973206551408591e-03 9.813996607825445535e-04 8.026223681279607463e-04 6.544008990584445230e-04 3.664262934176936164e-04 -3.688929594403362114e-04
2.676744510180775662e-03 1.532212401097476440e-03 2.437786724735953488e-03 1.783766460198311747e-03 1.029947877367265886e-03 6.874740340846134798e-04 6.001458183977812465e-04 4.759269625844658540e-04 1.073692878831040993e-05 -1.257191599067314586e-04
1.564087817184865378e-03 1.735108509064342075e-03 1.681973206551408591e-03 1.029947877367265886e-03 1.085288780036305521e-03 8.138850177527565989e-04 6.974297065633347026e-04 5.132202095605250701e-04 2.816177182428536852e-05 -1.349670299199531767e-04
1.886811728094972725e-03 1.460852712003497724e-03 9.813996607825445535e-04 6.874740340846134798e-04 8.138850177527565989e-04 8.434948938759021962e-04 6.998832112742035295e-04 5.279265036486812052e-04 6.526480238099809912e-06 -1.217365066943456214e-04
2.465300521284990564e-03 8.525662606842537199e-04 8.026223681279607463e-04 6.001458183977812465e-04 6.974297065633347026e-04 6.998832112742035295e-04 7.035417192194152710e-04 5.726951588929227090e-04 -2.561689326069627634e-05 -1.079891403677882603e-04
3.031212877540451038e-03 7.312677641318928150e-04 6.544008990584445230e-04 4.759269625844658540e-04 5.132202095605250701e-04 5.279265036486812052e-04 5.726951588929227090e-04 5.189522710408194959e-04 -2.282850403105335371e-05 -9.248286616479428038e-05
5.115440394453123121e-04 8.069557557028550444e-04 3.664262934176936164e-04 1.073692878831040993e-05 2.816177182428536852e-05 6.526480238099809912e-06 -2.561689326069627634e-05 -2.282850403105335371e-05 7.681222482828438988e-05 -3.688387485151531337e-05
-8.521854073051212579e-04 -5.765347282702488682e-04 -3.688929594403362114e-04 -1.257191599067314586e-04 -1.349670299199531767e-04 -1.217365066943456214e-04 -1.079891403677882603e-04 -9.248286616479428038e-05 -3.688387485151531337e-05 3.977527483408623232e-05
