1.082701997451672275e-02 2.482808090697912265e-03 1.608516053610991019e-03 9.997723875064083721e-04 9.679191656770058877e-04 9.333696750841374368e-04 1.109524756933551615e-03 1.071985062533982675e-03 1.989163664031390756e-04 -3.034527355713132857e-04
2.482808090697912265e-03 1.962705406376420280e-03 1.206274933289009027e-03 8.022094592123519717e-04 5.198519311783179322e-04 3.604282261811666633e-04 3.769723082076512901e-04 2.880133165429535195e-04 6.323468236425168942e-05 -1.008977813113789502e-04
1.608516053610991019e-03 1.206274933289009027e-03 1.138292355522605229e-03 6.958843017235055760e-04 4.858100616921869888e-04 3.149831272766519621e-04 2.926564510513549825e-04 2.237401806208030592e-04 5.555830040124074004e-05 -8.596928226559367341e-05
9.997723875064083721e-04 8.022094592123519717e-04 6.958843017235055760e-04 6.363118225231053715e-04 4.748067367950428719e-04 3.477059464568995261e-04 3.479633142621930530e-04 2.754235215595206786e-04 1.572207229990195223e-05 -7.003470386837927226e-05
9.679191656770058877e-04 5.198519311783179322e-04 4.858100616921869888e-04 4.748067367950428719e-04 4.331247859523483512e-04 3.419858791710625023e-04 3.476165232668132618e-04 2.952036531875621567e-04 1.544756973613432220e-07 -6.175229565567900362e-05
9.333696750841374368e-04 3.604282261811666633e-04 3.149831272766519621e-04 3.477059464568995261e-04 3.419858791710625023e-04 3.296259823231806460e-04 3.298967248065819277e-04 2.994387732429767165e-04 -1.041295814514568223e-05 -5.477717513273740787e-05
1.109524756933551615e-03 3.769723082076512901e-04 2.926564510513549825e-04 3.479633142621930530e-04 3.476165232668132618e-04 3.298967248065819277e-04 3.644423572221519559e-04 3.380459806968294425e-04 -2.141816152087157863e-05 -5.443599053026938907e-05
1.071985062533982675e-03 2.880133165429535195e-04 2.237401806208030592e-04 2.754235215595206786e-04 2.952036531875621567e-04 2.994387732429767165e-04 3.380459806968294425e-04 3.463140620185187570e-04 -2.116586641161738908e-05 -5.301005549073719750e-05
1.989163664031390756e-04 6.323468236425168942e-05 5.555830040124074004e-05 1.572207229990195223e-05 1.544756973613432220e-07 -1.041295814514568223e-05 -2.141816152087157863e-05 -2.116586641161738908e-05 3.448400852242696293e-05 -1.447390166447242218e-05
-3.034527355713132857e-04 -1.008977813113789502e-04 -8.596928226559367341e-05 -7.003470386837927226e-05 -6.175229565567900362e-05 -5.477717513273740787e-05 -5.443599053026938907e-05 -5.301005549073719750e-05 -1.447390166447242218e-05 1.813769869280602715e-05
