1.326280706880314910e-03 2.128443370226005388e-04 1.113552081961054771e-04 1.092982889835986707e-04 8.179661776436434966e-05 4.884793934919235846e-05 5.380273443428155636e-05 4.995732160694548449e-05 -1.153386915159302452e-06 -1.160391443381060304e-05 -1.112040511079510213e-03 1.129781997271389225e-04 1.194985004525509143e-04 -4.109363697835816955e-05 -3.173895263503068794e-05 -1.512565978196797865e-05 -4.634892726238302427e-05 -1.161119540902248922e-05 -1.456065640408276192e-05 1.326194311656862184e-05 -1.061182284158040988e-03 -2.110035916698447633e-04 -1.250752710018756755e-05 1.073424359823075240e-04 -7.935993993633382732e-05 -1.111760661690012957e-06 3.321185214129876499e-05 -6.546537074757620509e-06 -1.240713200010801810e-05 6.625263792339847260e-06 -7.405383165610876766e-04 -1.789083345972951582e-03 -1.680355878008495032e-03 -2.426794797251828216e-04 -1.941144893618520714e-04 -3.382082005352725763e-04 -2.137473363066396802e-04 -7.886819259432498695e-05 1.168122853458114891e-05 1.964935828854786574e-05 -4.104810478327799300e-02 -1.221248263914554918e-02 3.963264485795836047e-03 3.318202238666528403e-04 1.062932784133914423e-04 -4.121429734281048854e-04 -6.845223189586837004e-04 -1.813733350036633458e-04 -7.792446995134336498e-05 1.167200684326408547e-04
2.128443370226005388e-04 3.700864432836442142e-04 1.372026090002568860e-04 1.019166354301538391e-04 5.079227671977473002e-05 4.601366439493675302e-05 4.049445296780589186e-05 3.269720789770308336e-05 7.959552816105071828e-06 -1.422359311540560785e-05 3.069795559467138253e-04 2.630356211321967881e-04 9.776136753769731306e-05 4.252242800855125289e-05 5.077187979449898987e-06 4.638785992323235782e-06 1.599905540035194627e-05 2.394814527583109042e-05 1.768980108216048641e-06 -6.246830716729120128e-06 2.070405097189683644e-04 2.458689164888773005e-04 1.511807723630244208e-04 9.153391080140256607e-05 3.115665433041931977e-05 -3.271051031993329341e-06 1.135074612635376357e-05 -2.684769257162095508e-07 8.998904852788682288e-06 -6.013339985252871711e-06 1.018666720846908010e-04 -3.503062119017116079e-04 -5.798273130891807648e-04 -1.984000652555913200e-04 -1.913545584065010497e-04 -1.550056784585477764e-04 -1.054608658341804991e-04 -6.340092469853154131e-05 1.721832586999433250e-05 6.019483795237151763e-06 -1.788757296671724187e-02 -4.442813453412309752e-03 1.296921355745013884e-03 -3.256563724494768728e-04 -4.927151003801083203e-04 -7.327708603546293018e-05 -3.929989480118722175e-04 -1.129062045145653775e-04 1.407837284146436698e-05 2.496934165317701311e-05
1.113552081961054771e-04 1.372026090002568860e-04 1.065692581914694817e-04 6.430756780212327779e-05 4.074894105455422518e-05 3.864666621999689682e-05 3.280967907312595474e-05 2.873031433344772661e-05 3.396354220940451950e-06 -9.912662864967899411e-06 -2.546816326002324343e-04 1.167785452045378873e-04 7.428245451463501281e-05 2.563107086401257028e-05 7.478203493904238694e-06 1.034790042416269672e-05 1.854876341811524586e-05 2.049282913674119823e-05 4.063601002297718078e-07 -5.808628607077878615e-06 3.414835395119583390e-04 1.560014204800911069e-04 1.123039453129269342e-04 7.545607016414786542e-05 1.393984102267239918e-05 1.049276633099737980e-05 -2.788338683861308714e-06 -8.235409378913126813e-06 4.806709687188795342e-06 -8.174113313724680439e-07 -5.848300427263134231e-04 -2.453734711819221571e-04 -1.998225333047695933e-04 -3.758008195856650958e-05 -3.796303028823254985e-05 -5.557961742626471482e-05 -3.822660487601507587e-05 -2.066369155608672380e-05 2.807521566268972241e-06 4.361297407671690861e-06 6.533182421062198354e-03 -8.556605810608468483e-04 1.307658081271743846e-03 -1.493589956328756664e-04 -2.175681075857965690e-04 -2.372615807461071595e-05 -1.393326568036386444e-04 -4.882589207481225483e-05 -3.703327712123028062e-06 1.072533065402784627e-05
1.092982889835986707e-04 1.019166354301538391e-04 6.430756780212327779e-05 5.913987017558974428e-05 3.728843050786398303e-05 3.138134942395103330e-05 2.848632883390081805e-05 2.647189228947229123e-05 2.581935009883220787e-06 -9.060866947210111176e-06 -1.843728941316797232e-04 1.714821451323166285e-04 7.248560320384647227e-05 3.081250779655210378e-05 1.987959121993786179e-06 4.693207963768903050e-06 5.719056183597962053e-06 8.934382952037296928e-06 6.585303683705630107e-07 -2.412110051216789921e-06 2.957839119025266724e-04 2.838381172079340410e-05 6.157697575534363827e-05 3.751204274846907394e-05 3.524508463651460434e-06 7.950051048197063702e-06 3.729408910978222129e-08 -1.164274574273648080e-06 2.811275872926463269e-06 -1.233367572458268561e-06 5.528757914444805714e-04 -1.459454186390711896e-04 -6.442752831521239066e-05 -1.092979022069670709e-05 -3.336016285566544178e-05 -3.973237707925668621e-05 -3.354193917211151617e-05 -2.285743590734831500e-05 4.669512232821407069e-06 2.805625151164390192e-06 7.847682798609948926e-03 2.143615436519630637e-04 1.115640682102009198e-03 7.393160607402997331e-05 -5.707751239729695137e-05 3.828707458753710950e-05 -8.017171245821978244e-05 -3.143548683307563577e-05 6.539993635220906990e-07 6.516489831802756262e-06
8.179661776436434966e-05 5.079227671977473002e-05 4.074894105455422518e-05 3.728843050786398303e-05 2.961942988330947682e-05 2.363715439176285044e-05 2.253542769489597550e-05 2.118274219331570498e-05 1.044025149376078967e-06 -6.503494585487522326e-06 -2.583477401017700965e-04 1.171777372681753092e-04 3.629719946189821238e-05 1.522071172269817514e-05 -1.978792499811618935e-06 1.049040397417330525e-06 -7.577788103063827998e-07 2.601474953378234180e-06 1.971680296486910060e-07 -5.143040954936598258e-07 2.586356318016233948e-04 4.091282585604423338e-05 4.959443395745659155e-05 1.007782643299416051e-05 -9.603315036220679811e-08 3.088793138436650845e-06 -5.083614990720311180e-06 -3.107544354429728253e-06 2.387650538848529193e-06 -5.177426949419328323e-07 -6.616214615347547909e-05 -6.131385620756632721e-05 -6.212681245332216952e-05 -4.437808356627579757e-06 -8.199594407357818014e-06 -2.308149088169088100e-05 -1.609343537370014498e-05 -1.267168133941267224e-05 3.758398595972334925e-06 2.888329377927040284e-07 8.182567325823503560e-03 -1.200248075264130355e-04 7.087245339985152057e-04 6.918908540780146826e-05 9.753837586447935878e-06 3.170240113384053588e-05 -3.979102728169022515e-05 -9.976909116202736241e-06 5.803086316466761412e-07 1.262685781297676158e-06
4.884793934919235846e-05 4.601366439493675302e-05 3.864666621999689682e-05 3.138134942395103330e-05 2.363715439176285044e-05 2.363810589929347088e-05 2.166049914491307085e-05 2.013888244170649127e-05 2.506103973954285993e-07 -5.842784500920830995e-06 -2.030831768659928057e-04 1.150995771094035636e-04 3.804317772673279375e-05 1.794247385024210357e-05 2.821257169517843280e-06 6.905102607226959089e-06 4.890834660330806796e-06 6.087372022316351443e-06 6.359397843590608922e-07 -1.816834501155278522e-06 1.186884716503935585e-04 2.510416923399933097e-05 3.257527712248958703e-05 1.465927421029774121e-06 -1.875874723319842614e-06 -6.931217476672352617e-07 -1.174915316131510125e-05 -7.229443191833179992e-06 2.042156633528220154e-06 9.950992144543627842e-07 -7.149194668632369027e-05 8.206423375848403116e-06 -3.213486592280659078e-05 1.206400456939484693e-05 -6.706844264713872960e-06 -1.587750236492147245e-05 -1.325336148487305599e-05 -1.014465640171805118e-05 8.097357655983556016e-07 2.247056746832572037e-06 8.926244025356589937e-03 6.444189525607810221e-04 7.352955840792844630e-04 -2.577590596729679455e-05 -6.492701404355796649e-05 2.257964903806412293e-05 -2.479228793785612030e-05 -1.177765922107984652e-05 6.360468377269845513e-07 1.450988363321932225e-06
5.380273443428155636e-05 4.049445296780589186e-05 3.280967907312595474e-05 2.848632883390081805e-05 2.253542769489597550e-05 2.166049914491307085e-05 2.638483160382370287e-05 2.374513717056551544e-05 8.652853958328778213e-07 -7.221500282142194157e-06 -1.219499936007702580e-04 1.468136977075542801e-04 3.183604709392307220e-05 1.530222757119086528e-05 3.235245626873297828e-06 4.688300936241306638e-06 3.587982066155311275e-06 6.039242379299181586e-06 1.967688293614814220e-06 -2.647544845073719397e-06 4.256214224529588145e-05 -3.986597698181274359e-05 1.865953866747875107e-05 -1.781560137062388279e-05 -5.455050144454226573e-06 -3.336939624444929818e-06 -6.956672846045360940e-06 -5.748887035428307935e-06 1.242150637976932779e-06 8.376822672236470710e-07 -3.247120726173568475e-04 9.910114540614126848e-05 -2.620121430138410833e-05 5.401273874884440624e-06 5.770227951936248069e-06 -1.960715564875637937e-05 -7.659477134903851448e-06 -8.066656424601753060e-06 1.554918100772784944e-06 1.059230466653859393e-06 8.304831070737905482e-03 1.144513303870889169e-03 5.996757458891793400e-04 1.922945263732498230e-06 -7.679744975210315780e-05 1.808555746048296756e-05 -1.797389770881508935e-05 -1.427250154381914388e-05 -3.125659487989547607e-06 4.393808115255111156e-06
4.995732160694548449e-05 3.269720789770308336e-05 2.873031433344772661e-05 2.647189228947229123e-05 2.118274219331570498e-05 2.013888244170649127e-05 2.374513717056551544e-05 2.611954947570839777e-05 5.526682665890802812e-07 -7.179851102819646189e-06 -1.696166168521165971e-04 1.349153845774354540e-04 2.463789756418606613e-05 6.748351805835908047e-06 1.892926966879395855e-06 4.421348961611495496e-06 3.260567871428539577e-06 6.237845177915381409e-06 1.296580269076009458e-06 -2.291186176241262105e-06 -9.283375391076691499e-05 -3.543267295600558634e-05 1.460983244592231229e-05 -1.860763107647372182e-05 -5.974039411873339910e-06 6.313938618414152445e-06 6.531225844116828056e-07 1.126409196781742411e-06 -1.728201055572828205e-07 -1.564087826256597461e-08 -8.845280713635070215e-05 2.060729639739534373e-04 3.574299579809547589e-05 1.963562300618094689e-05 2.739049093762524097e-06 -1.660685072372740167e-05 -8.326615184924118085e-06 -5.327338534908551289e-06 1.600600457311162254e-06 6.213916199321805943e-07 6.655735961988579370e-03 1.660171110703925843e-03 4.999354305326203680e-04 -5.812224423637460259e-06 -5.912419180844918117e-05 3.626547458161541974e-05 -1.117018247379316383e-05 -5.389876293195450450e-06 -1.808480761611166154e-07 3.947874790881082254e-07
-1.153386915159302452e-06 7.959552816105071828e-06 3.396354220940451950e-06 2.581935009883220787e-06 1.044025149376078967e-06 2.506103973954285993e-07 8.652853958328778213e-07 5.526682665890802812e-07 1.719546462262729496e-06 -1.251998421726039509e-06 8.427408458842351992e-07 2.460411182057865790e-06 -1.853731109406883304e-06 -9.806629775695704117e-07 1.201371771539396122e-06 7.479381947718125297e-07 2.271414444563549928e-06 2.262950710945882439e-06 3.784259935247740787e-07 -9.622938687322922480e-07 -5.956816303058235710e-05 -1.764827277917109527e-05 4.206746159669828721e-06 5.101426031846514632e-06 -7.051963302289816622e-07 -1.135084108871841374e-06 -2.033083050646835166e-07 -7.646012280740787076e-07 1.088990682719138329e-06 -5.565576158097367957e-07 -2.046230898969725656e-04 -4.238023721132591707e-05 -2.368543185673978226e-05 6.454063589049103684e-07 -5.426957768656576737e-06 3.464393453340284151e-06 4.759218254029031672e-06 2.915360864107545641e-06 5.352277717798283174e-07 -1.315736393585751175e-06 -1.423279158233551863e-03 -2.475848370202828031e-04 -1.593288436170478041e-04 4.599714641122493419e-05 4.259574351160690276e-06 2.599908293792395038e-05 8.481463300666561023e-06 2.508319269944705268e-06 1.651418110805451915e-06 -2.684512063311595166e-06
-1.160391443381060304e-05 -1.422359311540560785e-05 -9.912662864967899411e-06 -9.060866947210111176e-06 -6.503494585487522326e-06 -5.842784500920830995e-06 -7.221500282142194157e-06 -7.179851102819646189e-06 -1.251998421726039509e-06 2.852525402298152881e-06 4.863480985508296058e-05 -3.622835043751721352e-05 -5.739886094230683965e-06 -2.577506701135238075e-06 -1.281844778438801147e-06 -1.940499758324228609e-06 -1.501784625593706132e-06 -2.602272312178506255e-06 -7.688217095731810846e-07 1.202489870348844188e-06 6.135054758547766728e-05 2.019068625144243312e-05 -5.022054470976378230e-06 1.906481460732860911e-06 1.767438594157432122e-06 3.303793156622082152e-07 1.353911920521463984e-07 2.441764021197714427e-07 -8.163476414460863482e-07 4.174416661056504388e-07 1.640265500713536514e-04 -3.681843392306998700e-05 -1.688100529774589497e-06 -5.452153049315298185e-06 9.556073341405942699e-07 9.515534479003667252e-07 -2.126232511258339918e-06 -6.853029934630584928e-07 -8.997620843927887064e-07 8.410548450646222377e-07 -1.130865109330930806e-03 -4.158354518673765027e-04 -6.165836246128361458e-05 -1.815162454113261907e-05 1.169894167154692578e-05 -2.989143269713685102e-05 -4.136484007081263729e-06 -1.944585494229370259e-06 -7.601572863008987142e-07 1.779857304127621202e-06
-1.112040511079510213e-03 3.069795559467138253e-04 -2.546816326002324343e-04 -1.843728941316797232e-04 -2.583477401017700965e-04 -2.030831768659928057e-04 -1.219499936007702580e-04 -1.696166168521165971e-04 8.427408458842351992e-07 4.863480985508296058e-05 9.943760333673844903e-03 1.198536141385310623e-03 4.770306096337652139e-04 3.604159483662266387e-04 2.653772842470687168e-04 1.087652505529135061e-04 2.733089776528449034e-04 1.523541643442296570e-04 1.680201568890629600e-05 -4.540588333092000946e-05 -2.038718470572937948e-03 -2.400402178425417338e-04 -2.862887183501595695e-04 -1.033396455468746171e-04 -4.068855579800805307e-06 -5.696588473834159045e-05 2.170800525357636170e-05 3.332316419423540999e-05 -2.168876820600534208e-05 7.828110774619596949e-06 7.992870541075197677e-03 1.574234153358359959e-03 1.907599996100384958e-03 4.885490971272773861e-05 8.886334983585293310e-05 1.471376608728616005e-04 4.201544923817663029e-05 1.557354527084022720e-05 7.135903703451074829e-06 -5.151782815897817211e-06 -7.864901072712639218e-02 8.620746027789364871e-03 -5.010769972401118814e-03 -3.178730995466839764e-04 -1.682409385176082380e-03 -3.924883031135256261e-04 9.637157765932052682e-05 -2.787382851063957947e-04 9.039118529016142427e-05 3.989052449722818025e-05
1.129781997271389225e-04 2.630356211321967881e-04 1.167785452045378873e-04 1.714821451323166285e-04 1.171777372681753092e-04 1.150995771094035636e-04 1.468136977075542801e-04 1.349153845774354540e-04 2.460411182057865790e-06 -3.622835043751721352e-05 1.198536141385310623e-03 1.780662488346165719e-03 5.115430591093026759e-04 2.225743633985954634e-04 9.889061306046289265e-05 8.645515211850892236e-05 1.226854536747384102e-04 1.003128513774908571e-04 4.805108403787006312e-06 -2.506371994190271485e-05 1.256824843023960725e-04 -4.244772980574836778e-04 6.554868886155212730e-05 -2.430081324010314515e-04 -8.214914253000451128e-05 -3.254053291942604494e-06 -5.989324896133196185e-05 -2.067716471015284380e-05 3.354796665273381283e-06 6.823517594310126772e-06 4.683188466207097687e-03 5.385708262362533943e-04 3.972948134198800853e-04 6.141958897225126214e-05 4.199310887253145929e-06 -8.201027767529909098e-05 -9.114148235934360295e-05 -7.765694754105105036e-05 6.852711393656797587e-06 1.385642826212529083e-05 5.606039623999653498e-02 1.065036340861745708e-02 3.332318071016132990e-03 7.654296246411672203e-04 -6.941990821765215000e-04 1.225893497448541866e-04 -1.942125068379712473e-05 -7.855528874086267690e-05 9.900076376799988892e-06 2.190472600102024946e-05
1.194985004525509143e-04 9.776136753769731306e-05 7.428245451463501281e-05 7.248560320384647227e-05 3.629719946189821238e-05 3.804317772673279375e-05 3.183604709392307220e-05 2.463789756418606613e-05 -1.853731109406883304e-06 -5.739886094230683965e-06 4.770306096337652139e-04 5.115430591093026759e-04 3.222043266323751528e-04 1.236428185175793509e-04 4.528405146909115077e-05 4.737286814026190777e-05 6.112611322959812592e-05 4.556985757609951956e-05 -5.838525981385145242e-06 -7.439896018286969122e-06 2.617961140268339399e-04 1.983432527405825535e-04 6.237641489942671869e-05 6.344833234292713783e-05 -2.315468106611613428e-05 1.525048480153522335e-05 -1.265057121790985710e-05 -1.197062518831185349e-05 1.224604279218882900e-06 3.702551658262500702e-06 3.686373103493112684e-03 -2.599088096275363924e-04 1.822116005099987362e-04 1.320593442548098067e-07 -1.867054723637331160e-06 -4.779182580180316370e-05 -6.054756029462691921e-05 -2.864888326112095164e-05 -1.264675453745669510e-06 9.723228416914839721e-06 2.257180677762920390e-02 4.336552447409338339e-03 2.990408222345476187e-03 -6.135604739091618325e-05 -3.036391407909485858e-04 -6.730714177332274787e-06 -8.990412937612131904e-05 -1.628283613214461857e-05 -1.976075531611980676e-05 2.340551259588535509e-05
-4.109363697835816955e-05 4.252242800855125289e-05 2.563107086401257028e-05 3.081250779655210378e-05 1.522071172269817514e-05 1.794247385024210357e-05 1.530222757119086528e-05 6.748351805835908047e-06 -9.806629775695704117e-07 -2.577506701135238075e-06 3.604159483662266387e-04 2.225743633985954634e-04 1.236428185175793509e-04 1.052033645578665899e-04 3.074011869288833626e-05 3.147610134829987791e-05 2.535203874613525449e-05 1.874181519718028655e-05 -1.014720116626434010e-07 -4.386204358137834668e-06 4.311210359907044162e-04 2.449397171348373608e-04 1.140207391669704253e-04 3.577796325192979834e-05 1.121308181886900091e-05 -8.402674068490933930e-06 -2.608158691993910539e-05 -1.212283952329123080e-05 1.830173043944146767e-06 3.297490315266115623e-06 1.408832256444417404e-03 -2.465116464626145444e-04 2.000639772737330740e-04 9.935576024853136476e-05 3.439445735769634848e-05 4.352769729976634083e-05 -3.462782900777477910e-06 -4.092438221273454034e-06 8.299972479724613347e-07 3.561075279663296561e-07 2.289980067227296093e-02 3.793333987216055726e-03 6.773770568187357545e-04 4.971236767539123809e-04 -6.030805362188550232e-05 2.133305194845135035e-04 4.656118747644036793e-05 1.056834745137247042e-05 -1.826916051290792894e-06 -2.819775885352933817e-06
-3.173895263503068794e-05 5.077187979449898987e-06 7.478203493904238694e-06 1.987959121993786179e-06 -1.978792499811618935e-06 2.821257169517843280e-06 3.235245626873297828e-06 1.892926966879395855e-06 1.201371771539396122e-06 -1.281844778438801147e-06 2.653772842470687168e-04 9.889061306046289265e-05 4.528405146909115077e-05 3.074011869288833626e-05 3.090298665715901326e-05 2.730300209680121368e-05 3.200194557635510450e-05 2.095923072277921045e-05 -5.339202964392893067e-07 -5.296696088230486809e-06 -2.352791203600435412e-04 1.198518554163185439e-05 9.239725750113381549e-06 1.021758461969845534e-05 -5.825542195452813887e-06 -1.541090010764216552e-06 -1.630001721863896628e-05 -5.696959773215170427e-06 7.015663097321990557e-07 1.841785467580700164e-06 6.411828574327359113e-05 -5.033215942275486243e-05 1.357520612564229185e-04 8.523352222757643809e-05 2.612594521323053233e-05 4.839767280422828892e-05 1.795792402173722216e-05 9.107423038449235958e-06 -4.022237946431490876e-06 6.403917633837761446e-07 2.620385715126819122e-03 1.410377997781755424e-03 -4.183761509864615947e-04 1.510716330210985293e-04 -6.387742671573585118e-05 1.146151553673343675e-04 6.697924857654007232e-05 1.592702453841241781e-05 3.819581274127176356e-06 -8.050784815325577164e-06
-1.512565978196797865e-05 4.638785992323235782e-06 1.034790042416269672e-05 4.693207963768903050e-06 1.049040397417330525e-06 6.905102607226959089e-06 4.688300936241306638e-06 4.421348961611495496e-06 7.479381947718125297e-07 -1.940499758324228609e-06 1.087652505529135061e-04 8.645515211850892236e-05 4.737286814026190777e-05 3.147610134829987791e-05 2.730300209680121368e-05 3.180208435545672026e-05 3.058225134982575871e-05 2.153290218399416098e-05 -1.311798722962933634e-06 -5.062621806303647057e-06 -3.089426622499445913e-04 6.551205581350018955e-05 1.046827384725920892e-05 7.290717612924026832e-06 -6.456810498605164726e-06 -4.076424812919349505e-06 -1.686800849164321532e-05 -4.620330357777137005e-06 1.139930224704550500e-07 2.145961502002412961e-06 2.606501976248620789e-04 -8.665414912868376783e-05 7.485614597065654485e-05 4.773432330236472532e-05 1.882724839175709141e-05 3.894947194901641650e-05 9.907951347874562848e-06 2.892076630993902476e-06 -3.296731219215099764e-06 2.221782722366772738e-06 3.708889149064697154e-03 1.458997342006846960e-03 -2.179261347299435512e-04 1.908047815332282004e-04 -2.196693007764608397e-05 1.391926456089357560e-04 5.304558618807867946e-05 2.959401406594277520e-05 -4.969052242181249139e-07 -7.522068379335393825e-06
-4.634892726238302427e-05 1.599905540035194627e-05 1.854876341811524586e-05 5.719056183597962053e-06 -7.577788103063827998e-07 4.890834660330806796e-06 3.587982066155311275e-06 3.260567871428539577e-06 2.271414444563549928e-06 -1.501784625593706132e-06 2.733089776528449034e-04 1.226854536747384102e-04 6.112611322959812592e-05 2.535203874613525449e-05 3.200194557635510450e-05 3.058225134982575871e-05 4.765612804056602999e-05 3.287405512410828502e-05 -2.742171689147929099e-06 -7.295520491124329796e-06 -2.496783361208476030e-04 -6.875866098744852975e-06 7.102605495866186382e-07 9.737411113531574281e-06 -1.057051281694775254e-05 -3.638685711082101566e-06 -2.383329085017103522e-05 -9.240731813388303184e-06 1.443852645693937792e-06 2.264262521786709339e-06 3.229065176460091478e-04 -5.041504866258713087e-06 4.456873358018857592e-05 5.027838989791057027e-05 4.821590745755517305e-06 3.898820537831609271e-05 1.203338460681474079e-05 6.475849103058737325e-06 -6.136823846884762917e-06 2.812324256048601539e-06 1.418702052060469418e-03 3.157128442140984237e-04 -2.789035203810727014e-04 1.283134720978941056e-04 -8.553847839566141654e-05 9.483531774784888875e-05 3.938467165676191346e-05 1.036551797788139834e-05 -1.155377226470832961e-06 -3.799403824557777015e-06
-1.161119540902248922e-05 2.394814527583109042e-05 2.049282913674119823e-05 8.934382952037296928e-06 2.601474953378234180e-06 6.087372022316351443e-06 6.039242379299181586e-06 6.237845177915381409e-06 2.262950710945882439e-06 -2.602272312178506255e-06 1.523541643442296570e-04 1.003128513774908571e-04 4.556985757609951956e-05 1.874181519718028655e-05 2.095923072277921045e-05 2.153290218399416098e-05 3.287405512410828502e-05 2.675253176071608514e-05 -2.280248232515779371e-06 -5.788769072131551836e-06 -2.459135308612872767e-04 5.696545925100237932e-06 1.011076315405141723e-05 5.510099024645287315e-06 -4.513969522466863894e-06 -1.326587099949201248e-06 -1.090763691783537137e-05 -3.354922590329366485e-06 9.335405182586140413e-07 5.905852767966026828e-07 1.699706995709192607e-04 1.820859805085053368e-05 -5.862252805313348382e-06 2.167653811317175243e-05 -1.294750970368642392e-06 2.168558223796602773e-05 6.337607898548134246e-06 8.118378369157630979e-06 -3.382165426590167812e-06 7.092381033547493272e-07 -7.297119418801406880e-04 5.831631127639399365e-04 -1.166465029778020619e-04 8.602996199371020847e-05 -7.766191544725470439e-05 7.064646566237270343e-05 4.675646733557853970e-06 5.874166046546680452e-06 -3.324219804481036073e-06 -5.179250635305466213e-07
-1.456065640408276192e-05 1.768980108216048641e-06 4.063601002297718078e-07 6.585303683705630107e-07 1.971680296486910060e-07 6.359397843590608922e-07 1.967688293614814220e-06 1.296580269076009458e-06 3.784259935247740787e-07 -7.688217095731810846e-07 1.680201568890629600e-05 4.805108403787006312e-06 -5.838525981385145242e-06 -1.014720116626434010e-07 -5.339202964392893067e-07 -1.311798722962933634e-06 -2.742171689147929099e-06 -2.280248232515779371e-06 2.155793951419566278e-06 -7.833241232115984948e-07 2.518425033071991409e-06 -1.844723188555373223e-05 -2.462842951649127094e-06 -3.099271310704724661e-06 5.871966534425989602e-07 2.750224329248389235e-07 1.633744571489339749e-06 4.747303601378088712e-07 1.109756424113560308e-07 -9.352711099546136582e-08 -1.616156505554095543e-04 1.443065266600525986e-05 2.982245854892810364e-05 -2.861263237381725962e-06 6.149376715274501640e-06 -6.127762088370654548e-07 3.036027111408507484e-06 8.428298925223094096e-08 8.642859835902120337e-07 -5.042023966480640456e-07 6.631069479911330796e-04 4.297581388338323166e-04 -4.368521300631294537e-05 -2.101673887971542943e-06 -3.235515565740881729e-06 -4.825398033864933038e-07 1.685116843142406965e-05 -3.036998658940675721e-06 4.802242320876155361e-06 -3.033398520995844959e-06
1.326194311656862184e-05 -6.246830716729120128e-06 -5.808628607077878615e-06 -2.412110051216789921e-06 -5.143040954936598258e-07 -1.816834501155278522e-06 -2.647544845073719397e-06 -2.291186176241262105e-06 -9.622938687322922480e-07 1.202489870348844188e-06 -4.540588333092000946e-05 -2.506371994190271485e-05 -7.439896018286969122e-06 -4.386204358137834668e-06 -5.296696088230486809e-06 -5.062621806303647057e-06 -7.295520491124329796e-06 -5.788769072131551836e-06 -7.833241232115984948e-07 2.150624867010156663e-06 6.670105419154750037e-05 1.142744824829966814e-05 -1.143713182223238409e-06 -4.987408312874119123e-07 1.085286007970843297e-06 5.460404945518727526e-07 2.311579219439292174e-06 1.045932252000577160e-06 -3.716179277895289783e-07 -1.958080811213103429e-07 9.423866346713114363e-05 -1.262606399724197515e-06 -1.168832127306538581e-05 -3.529402920997083183e-06 -2.775323580392555211e-06 -5.220413877381712294e-06 -3.698770389572352982e-06 -2.191838880655324329e-06 5.617628827225203691e-07 -3.964637674398533810e-08 -3.504139291255274863e-04 -4.006184847498352620e-04 7.727459527397397237e-05 -3.284518895947232471e-05 2.443826995196484700e-05 -2.166084911749426953e-05 -1.206759368295802903e-05 -9.165503326741566973e-08 -1.312397595108997454e-06 1.793099273633775507e-06
-1.061182284158040988e-03 2.070405097189683644e-04 3.414835395119583390e-04 2.957839119025266724e-04 2.586356318016233948e-04 1.186884716503935585e-04 4.256214224529588145e-05 -9.283375391076691499e-05 -5.956816303058235710e-05 6.135054758547766728e-05 -2.038718470572937948e-03 1.256824843023960725e-04 2.617961140268339399e-04 4.311210359907044162e-04 -2.352791203600435412e-04 -3.089426622499445913e-04 -2.496783361208476030e-04 -2.459135308612872767e-04 2.518425033071991409e-06 6.670105419154750037e-05 3.576082200723958854e-02 4.811009426548560133e-03 2.611236053825458266e-03 8.604499369840464505e-04 9.641910248786572787e-04 2.728524723802075100e-04 1.568586668508101213e-05 -9.809551636390133258e-05 7.921501369237762824e-05 -3.840615435724172152e-05 2.417173860609754879e-02 -1.294945006069472479e-02 -2.292625081854659293e-03 -1.406878546276356477e-03 -2.600754845662038594e-04 -5.551945101066980493e-04 -7.706952510945628458e-04 -7.678670172760157812e-04 -2.074827445102132894e-05 1.659915151866515491e-04 3.440736798049281453e-01 -1.286591011730544784e-02 -2.864554626964414472e-03 6.439309633866100932e-03 -8.953847077021627595e-04 -6.812944520954284083e-04 -1.671769376540427343e-03 -6.423300561636688605e-04 -2.777581311143591356e-04 3.149792568760521752e-04
-2.110035916698447633e-04 2.458689164888773005e-04 1.560014204800911069e-04 2.838381172079340410e-05 4.091282585604423338e-05 2.510416923399933097e-05 -3.986597698181274359e-05 -3.543267295600558634e-05 -1.764827277917109527e-05 2.019068625144243312e-05 -2.400402178425417338e-04 -4.244772980574836778e-04 1.983432527405825535e-04 2.449397171348373608e-04 1.198518554163185439e-05 6.551205581350018955e-05 -6.875866098744852975e-06 5.696545925100237932e-06 -1.844723188555373223e-05 1.142744824829966814e-05 4.811009426548560133e-03 4.807822094578703166e-03 1.283246574376077772e-03 6.151947903122360157e-04 3.694524100785691778e-04 2.091067686719364860e-04 1.294841192240048775e-04 4.315346751154043820e-05 7.910001800980184238e-06 -1.948975732322602103e-05 1.937613471199110685e-03 -4.205604100907518392e-03 -5.487785704711154247e-04 -6.591450655508164893e-04 5.725213009210660222e-05 -1.025014065768062392e-04 -2.131795113585477906e-04 -1.307987683957601097e-04 5.978126201741730718e-05 -5.006553152546893546e-06 3.578316353959126728e-02 1.287418183610089832e-03 -4.578083828795912261e-03 3.325330311877946793e-04 -2.126826335113705946e-04 6.380129892544969799e-04 -5.024698329385801588e-04 1.674071422268630501e-04 3.336523337241072780e-05 -5.270936559776148955e-05
-1.250752710018756755e-05 1.511807723630244208e-04 1.123039453129269342e-04 6.157697575534363827e-05 4.959443395745659155e-05 3.257527712248958703e-05 1.865953866747875107e-05 1.460983244592231229e-05 4.206746159669828721e-06 -5.022054470976378230e-06 -2.862887183501595695e-04 6.554868886155212730e-05 6.237641489942671869e-05 1.140207391669704253e-04 9.239725750113381549e-06 1.046827384725920892e-05 7.102605495866186382e-07 1.011076315405141723e-05 -2.462842951649127094e-06 -1.143713182223238409e-06 2.611236053825458266e-03 1.283246574376077772e-03 6.823491031455393733e-04 2.330719855197039083e-04 1.274453648318182224e-04 6.644262122733222899e-05 1.635019937782958188e-05 -1.407403386007266173e-05 1.075326474061837092e-05 -5.154008146841564315e-06 -4.582118009943313901e-04 -2.451190612994359926e-03 -5.813035982363349554e-04 -9.068027780645016242e-07 -5.915634794180441779e-05 -2.949437983470721783e-05 -8.594748686605281293e-05 -4.314707014867324585e-05 1.467336347401563733e-05 -2.393512485621460356e-06 3.608708445433737866e-02 -1.752538122031483325e-03 -1.994357474582690408e-03 1.705224218110700483e-03 -2.233373499373642892e-04 4.020506872872402909e-04 -1.406286839739127545e-04 -1.060955469831621161e-05 3.086366837901418480e-06 -1.512968449801293636e-05
1.073424359823075240e-04 9.153391080140256607e-05 7.545607016414786542e-05 3.751204274846907394e-05 1.007782643299416051e-05 1.465927421029774121e-06 -1.781560137062388279e-05 -1.860763107647372182e-05 5.101426031846514632e-06 1.906481460732860911e-06 -1.033396455468746171e-04 -2.430081324010314515e-04 6.344833234292713783e-05 3.577796325192979834e-05 1.021758461969845534e-05 7.290717612924026832e-06 9.737411113531574281e-06 5.510099024645287315e-06 -3.099271310704724661e-06 -4.987408312874119123e-07 8.604499369840464505e-04 6.151947903122360157e-04 2.330719855197039083e-04 2.779133193363450397e-04 5.972096665467419756e-05 5.493791101000988780e-05 3.040863939575839643e-05 5.706366393513818943e-07 5.023373746799372414e-06 -4.869217599905253652e-06 8.255075223050627620e-04 -1.231568375256623677e-03 -1.544794428892311310e-04 3.416133332463783652e-05 -2.392439761343253201e-05 7.825042034839861386e-06 -2.604647380558709817e-05 -9.208748408936862987e-07 4.493003659252003151e-06 -2.101375389264103910e-06 -4.115486926101913703e-03 -1.776733605896137257e-03 -4.892423960175837187e-04 1.492731952530447763e-04 2.609300495333224820e-05 1.630737081069677985e-04 -6.489984032216644140e-05 -9.455774465947517496e-06 1.351462899520192291e-05 -1.284075926364007239e-05
-7.935993993633382732e-05 3.115665433041931977e-05 1.393984102267239918e-05 3.524508463651460434e-06 -9.603315036220679811e-08 -1.875874723319842614e-06 -5.455050144454226573e-06 -5.974039411873339910e-06 -7.051963302289816622e-07 1.767438594157432122e-06 -4.068855579800805307e-06 -8.214914253000451128e-05 -2.315468106611613428e-05 1.121308181886900091e-05 -5.825542195452813887e-06 -6.456810498605164726e-06 -1.057051281694775254e-05 -4.513969522466863894e-06 5.871966534425989602e-07 1.085286007970843297e-06 9.641910248786572787e-04 3.694524100785691778e-04 1.274453648318182224e-04 5.972096665467419756e-05 6.440160388189945090e-05 2.981696562117960470e-05 2.897679122707542379e-05 1.306205815295899511e-05 1.957338450693844727e-06 -5.807535093627919093e-06 4.608940508640492961e-04 -4.974243640526448008e-04 6.967822068378419193e-06 -6.660795029223731028e-05 -6.964859033441305811e-06 -2.835149748048916800e-06 -1.840081718627525897e-05 -1.643594988147078985e-05 3.146406315094838251e-06 1.318126179302195648e-06 3.922761050623961164e-04 9.304776398278113677e-04 -1.038225935242143320e-03 6.434006428802964959e-05 -7.073483252796914787e-05 3.542624863273333483e-05 -5.407518882595910710e-05 -1.340141195398385903e-05 2.191635251789122980e-06 8.968342588087260461e-08
-1.111760661690012957e-06 -3.271051031993329341e-06 1.049276633099737980e-05 7.950051048197063702e-06 3.088793138436650845e-06 -6.931217476672352617e-07 -3.336939624444929818e-06 6.313938618414152445e-06 -1.135084108871841374e-06 3.303793156622082152e-07 -5.696588473834159045e-05 -3.254053291942604494e-06 1.525048480153522335e-05 -8.402674068490933930e-06 -1.541090010764216552e-06 -4.076424812919349505e-06 -3.638685711082101566e-06 -1.326587099949201248e-06 2.750224329248389235e-07 5.460404945518727526e-07 2.728524723802075100e-04 2.091067686719364860e-04 6.644262122733222899e-05 5.493791101000988780e-05 2.981696562117960470e-05 5.860392360416756709e-05 4.835487460507849648e-05 2.463466834734177977e-05 -4.088448870712856294e-06 -4.768971223313972141e-06 9.604345676210401502e-04 -2.585508850349685665e-04 1.803130219547721268e-04 -1.798822135699145372e-05 1.935796809313267434e-05 -1.342413624125330224e-05 -2.317724443446889015e-05 -9.982201627784067889e-06 3.745678493804985173e-06 6.909753810140418846e-07 -2.205367079558554367e-03 1.775883718842075727e-03 -5.491905207903972084e-04 -9.523487399796920201e-05 -2.851031356129284891e-06 -2.740514933485673572e-05 -1.716718270772989146e-07 -9.268785215293966526e-06 1.496761627980722826e-05 -8.377048059697439689e-06
3.321185214129876499e-05 1.135074612635376357e-05 -2.788338683861308714e-06 3.729408910978222129e-08 -5.083614990720311180e-06 -1.174915316131510125e-05 -6.956672846045360940e-06 6.531225844116828056e-07 -2.033083050646835166e-07 1.353911920521463984e-07 2.170800525357636170e-05 -5.989324896133196185e-05 -1.265057121790985710e-05 -2.608158691993910539e-05 -1.630001721863896628e-05 -1.686800849164321532e-05 -2.383329085017103522e-05 -1.090763691783537137e-05 1.633744571489339749e-06 2.311579219439292174e-06 1.568586668508101213e-05 1.294841192240048775e-04 1.635019937782958188e-05 3.040863939575839643e-05 2.897679122707542379e-05 4.835487460507849648e-05 8.026743331303877970e-05 4.154259230336769857e-05 -6.913242218439281222e-06 -7.983717362210427109e-06 8.478027907568140174e-04 -6.556949499766806673e-05 8.569788812142274767e-05 -1.455242998558003032e-04 1.120461843001492937e-05 -5.595974854572209470e-05 -3.260456637597771492e-05 -1.875756876003361785e-05 1.020934456747814016e-05 -1.090935306664050504e-06 -1.319509880302045107e-02 1.266974889427235559e-03 -3.313175697025489428e-04 -2.626461845747202054e-04 1.344370581575772788e-05 -1.153745214063124505e-04 -8.492244062386936575e-05 -5.435739744195036608e-06 7.343255721322371060e-07 5.145102230605920701e-06
-6.546537074757620509e-06 -2.684769257162095508e-07 -8.235409378913126813e-06 -1.164274574273648080e-06 -3.107544354429728253e-06 -7.229443191833179992e-06 -5.748887035428307935e-06 1.126409196781742411e-06 -7.646012280740787076e-07 2.441764021197714427e-07 3.332316419423540999e-05 -2.067716471015284380e-05 -1.197062518831185349e-05 -1.212283952329123080e-05 -5.696959773215170427e-06 -4.620330357777137005e-06 -9.240731813388303184e-06 -3.354922590329366485e-06 4.747303601378088712e-07 1.045932252000577160e-06 -9.809551636390133258e-05 4.315346751154043820e-05 -1.407403386007266173e-05 5.706366393513818943e-07 1.306205815295899511e-05 2.463466834734177977e-05 4.154259230336769857e-05 3.034001357738235624e-05 -4.568120220200148396e-06 -5.216367036906518382e-06 8.614243845744153473e-04 2.385873261695636187e-04 1.873207444416618683e-04 -5.346804396763353350e-05 1.672857518304198964e-05 -5.999101538300464767e-06 -5.596601912116529785e-06 -4.374669686990550990e-06 5.601374200358528577e-06 -2.166076304379770521e-06 -7.892947865521190293e-03 1.469273068423977962e-03 -1.501258533215469985e-04 -1.034059945611815834e-04 9.404486541906958692e-05 -1.210898385778169263e-05 -1.752983559310970359e-05 1.550901542007499006e-05 5.831986617361393671e-06 -4.452433242841666167e-06
-1.240713200010801810e-05 8.998904852788682288e-06 4.806709687188795342e-06 2.811275872926463269e-06 2.387650538848529193e-06 2.042156633528220154e-06 1.242150637976932779e-06 -1.728201055572828205e-07 1.088990682719138329e-06 -8.163476414460863482e-07 -2.168876820600534208e-05 3.354796665273381283e-06 1.224604279218882900e-06 1.830173043944146767e-06 7.015663097321990557e-07 1.139930224704550500e-07 1.443852645693937792e-06 9.335405182586140413e-07 1.109756424113560308e-07 -3.716179277895289783e-07 7.921501369237762824e-05 7.910001800980184238e-06 1.075326474061837092e-05 5.023373746799372414e-06 1.957338450693844727e-06 -4.088448870712856294e-06 -6.913242218439281222e-06 -4.568120220200148396e-06 2.750180897792434049e-06 -5.496217609244643047e-07 -1.975051336926493181e-04 -2.404942676993270662e-05 -9.707741826717614922e-06 1.121729247231930173e-05 -8.029381873331227512e-06 7.107239662479729383e-06 7.849041002946535622e-06 4.725498036749314970e-06 -4.449026856885065149e-07 -1.478736161212743034e-06 4.255139823353417902e-04 -1.269982039941767408e-04 -4.271598258755016341e-05 -3.316861534578965623e-06 -1.751132236683468192e-05 2.357392307980303394e-05 9.757251175552563821e-06 3.874633519235176442e-06 2.056876565727266048e-06 -3.356264095074669597e-06
6.625263792339847260e-06 -6.013339985252871711e-06 -8.174113313724680439e-07 -1.233367572458268561e-06 -5.177426949419328323e-07 9.950992144543627842e-07 8.376822672236470710e-07 -1.564087826256597461e-08 -5.565576158097367957e-07 4.174416661056504388e-07 7.828110774619596949e-06 6.823517594310126772e-06 3.702551658262500702e-06 3.297490315266115623e-06 1.841785467580700164e-06 2.145961502002412961e-06 2.264262521786709339e-06 5.905852767966026828e-07 -9.352711099546136582e-08 -1.958080811213103429e-07 -3.840615435724172152e-05 -1.948975732322602103e-05 -5.154008146841564315e-06 -4.869217599905253652e-06 -5.807535093627919093e-06 -4.768971223313972141e-06 -7.983717362210427109e-06 -5.216367036906518382e-06 -5.496217609244643047e-07 1.896948132248964268e-06 -9.875189961442656266e-05 -3.672938858762009632e-05 -3.108836689137861760e-05 9.371918052279485140e-06 1.086677400651729469e-06 -1.718928841183754777e-06 -3.125252812535780837e-06 -2.044027544952248632e-06 -1.289121209015021954e-06 1.669945298406221422e-06 2.270769292204154275e-03 -2.372862789889096564e-04 9.744985433489510029e-05 3.970514140339515094e-05 -1.159042155345451170e-05 -7.214751854086409209e-06 1.363240233604170464e-06 -5.390670151694176264e-06 -2.598699460293671348e-06 2.873829973875752983e-06
-7.405383165610876766e-04 1.018666720846908010e-04 -5.848300427263134231e-04 5.528757914444805714e-04 -6.616214615347547909e-05 -7.149194668632369027e-05 -3.247120726173568475e-04 -8.845280713635070215e-05 -2.046230898969725656e-04 1.640265500713536514e-04 7.992870541075197677e-03 4.683188466207097687e-03 3.686373103493112684e-03 1.408832256444417404e-03 6.411828574327359113e-05 2.606501976248620789e-04 3.229065176460091478e-04 1.699706995709192607e-04 -1.616156505554095543e-04 9.423866346713114363e-05 2.417173860609754879e-02 1.937613471199110685e-03 -4.582118009943313901e-04 8.255075223050627620e-04 4.608940508640492961e-04 9.604345676210401502e-04 8.478027907568140174e-04 8.614243845744153473e-04 -1.975051336926493181e-04 -9.875189961442656266e-05 1.878849445429455756e-01 1.147673750042266239e-02 9.969340791348136471e-03 -6.489158970565880185e-05 -1.487257582576310782e-04 1.930948940522528767e-04 -1.322314696589462759e-03 -8.494128149691989151e-04 -8.299926969606812705e-05 2.828731262050235371e-04 2.731275700775326887e-01 1.424038884689794449e-01 3.622736645967786911e-02 2.372900067053660637e-03 3.124643157054688564e-03 1.210735329499916177e-03 -1.149799913752695647e-03 7.356297897393756884e-04 -1.328297684884061016e-04 2.062853481531477307e-04
