1.878849445429455756e-01 1.147673750042266239e-02 9.969340791348136471e-03 -6.489158970565880185e-05 -1.487257582576310782e-04 1.930948940522528767e-04 -1.322314696589462759e-03 -8.494128149691989151e-04 -8.299926969606812705e-05 2.828731262050235371e-04
1.147673750042266239e-02 3.392286707021330977e-02 9.536217102838029369e-03 2.608585753248233389e-03 1.381337827710744622e-03 1.359869745962988957e-03 1.338092838997426148e-03 9.623960777351373572e-04 1.710497769974749029e-06 -2.518855711133174231e-04
9.969340791348136471e-03 9.536217102838029369e-03 8.084797363563805267e-03 1.881523909230178957e-03 9.481950054419651134e-04 1.013970687997880343e-03 6.827080205798826025e-04 4.087006766811034173e-04 -1.608126950866029651e-05 -1.007749098099694496e-04
-6.489158970565880185e-05 2.608585753248233389e-03 1.881523909230178957e-03 1.457124190924216503e-03 2.498336105163376035e-04 5.494556437358856862e-04 3.214520867068853898e-04 2.588226558462797602e-04 -3.728908146706328092e-05 -4.651217705964995282e-05
-1.487257582576310782e-04 1.381337827710744622e-03 9.481950054419651134e-04 2.498336105163376035e-04 3.363554748376545891e-04 2.079716614402495143e-04 1.424207334613902104e-04 7.753032067310423870e-05 2.467587607835702119e-06 -2.227034001242743223e-05
1.930948940522528767e-04 1.359869745962988957e-03 1.013970687997880343e-03 5.494556437358856862e-04 2.079716614402495143e-04 3.569672305963004903e-04 2.159068341931597284e-04 1.381705546786652088e-04 -1.224035034182171504e-05 -3.125610559923204312e-05
-1.322314696589462759e-03 1.338092838997426148e-03 6.827080205798826025e-04 3.214520867068853898e-04 1.424207334613902104e-04 2.159068341931597284e-04 1.745813439544669464e-04 1.149836731147584371e-04 -5.143656502270143747e-06 -2.916497965890665726e-05
-8.494128149691989151e-04 9.623960777351373572e-04 4.087006766811034173e-04 2.588226558462797602e-04 7.753032067310423870e-05 1.381705546786652088e-04 1.149836731147584371e-04 9.923962842509962659e-05 -4.913333055945913226e-06 -2.313382396573366597e-05
-8.299926969606812705e-05 1.710497769974749029e-06 -1.608126950866029651e-05 -3.728908146706328092e-05 2.467587607835702119e-06 -1.224035034182171504e-05 -5.143656502270143747e-06 -4.913333055945913226e-06 5.060276651238209138e-06 -2.192585888413759959e-06
2.828731262050235371e-04 -2.518855711133174231e-04 -1.007749098099694496e-04 -4.651217705964995282e-05 -2.227034001242743223e-05 -3.125610559923204312e-05 -2.916497965890665726e-05 -2.313382396573366597e-05 -2.192585888413759959e-06 8.039958882752385299e-06
