1.326280706880314910e-03 2.128443370226005388e-04 1.113552081961054771e-04 1.092982889835986707e-04 8.179661776436434966e-05 4.884793934919235846e-05 5.380273443428155636e-05 4.995732160694548449e-05 -1.153386915159302452e-06 -1.160391443381060304e-05
2.128443370226005388e-04 3.700864432836442142e-04 1.372026090002568860e-04 1.019166354301538391e-04 5.079227671977473002e-05 4.601366439493675302e-05 4.049445296780589186e-05 3.269720789770308336e-05 7.959552816105071828e-06 -1.422359311540560785e-05
1.113552081961054771e-04 1.372026090002568860e-04 1.065692581914694817e-04 6.430756780212327779e-05 4.074894105455422518e-05 3.864666621999689682e-05 3.280967907312595474e-05 2.873031433344772661e-05 3.396354220940451950e-06 -9.912662864967899411e-06
1.092982889835986707e-04 1.019166354301538391e-04 6.430756780212327779e-05 5.913987017558974428e-05 3.728843050786398303e-05 3.138134942395103330e-05 2.848632883390081805e-05 2.647189228947229123e-05 2.581935009883220787e-06 -9.060866947210111176e-06
8.179661776436434966e-05 5.079227671977473002e-05 4.074894105455422518e-05 3.728843050786398303e-05 2.961942988330947682e-05 2.363715439176285044e-05 2.253542769489597550e-05 2.118274219331570498e-05 1.044025149376078967e-06 -6.503494585487522326e-06
4.884793934919235846e-05 4.601366439493675302e-05 3.864666621999689682e-05 3.138134942395103330e-05 2.363715439176285044e-05 2.363810589929347088e-05 2.166049914491307085e-05 2.013888244170649127e-05 2.506103973954285993e-07 -5.842784500920830995e-06
5.380273443428155636e-05 4.049445296780589186e-05 3.280967907312595474e-05 2.848632883390081805e-05 2.253542769489597550e-05 2.166049914491307085e-05 2.638483160382370287e-05 2.374513717056551544e-05 8.652853958328778213e-07 -7.221500282142194157e-06
4.995732160694548449e-05 3.269720789770308336e-05 2.873031433344772661e-05 2.647189228947229123e-05 2.118274219331570498e-05 2.013888244170649127e-05 2.374513717056551544e-05 2.611954947570839777e-05 5.526682665890802812e-07 -7.179851102819646189e-06
-1.153386915159302452e-06 7.959552816105071828e-06 3.396354220940451950e-06 2.581935009883220787e-06 1.044025149376078967e-06 2.506103973954285993e-07 8.652853958328778213e-07 5.526682665890802812e-07 1.719546462262729496e-06 -1.251998421726039509e-06
-1.160391443381060304e-05 -1.422359311540560785e-05 -9.912662864967899411e-06 -9.060866947210111176e-06 -6.503494585487522326e-06 -5.842784500920830995e-06 -7.221500282142194157e-06 -7.179851102819646189e-06 -1.251998421726039509e-06 2.852525402298152881e-06
