1.561722133573977978e+01 1.383029064191684698e+00 3.218406427157233796e-01 1.748301724509120081e-01 -9.004347561959421056e-03 5.445580823494666073e-02 3.498936443955959902e-02 7.745962800979337010e-03 -5.144042414381821970e-03 -7.509289725487707824e-04
1.383029064191684698e+00 9.594554981266782967e-01 4.462433121678911763e-02 -1.533980483748017404e-02 -5.281697083058489901e-03 1.794787896987096523e-02 1.644901735148065688e-02 5.299165234191037001e-03 9.963793537541350710e-04 -2.191112514005403612e-03
3.218406427157233796e-01 4.462433121678911763e-02 1.127739636826711050e-01 -1.617980915897349395e-02 -2.287773015788753007e-03 -6.262024140208042808e-03 -3.192713767714011521e-03 -9.878897742755486655e-04 -5.101084708645199032e-04 7.113765353019758150e-04
1.748301724509120081e-01 -1.533980483748017404e-02 -1.617980915897349395e-02 2.074232508091731347e-02 2.128934261198437740e-03 3.657907184063653814e-03 4.413593168691424705e-04 5.220372837619849545e-05 -2.690660864903163078e-04 7.361689140461823199e-05
-9.004347561959421056e-03 -5.281697083058489901e-03 -2.287773015788753007e-03 2.128934261198437740e-03 3.871779244983157130e-03 1.016841391369929836e-03 1.061836497142594699e-03 4.248038931015131188e-04 1.534319075531637394e-04 -2.110817400451874644e-04
5.445580823494666073e-02 1.794787896987096523e-02 -6.262024140208042808e-03 3.657907184063653814e-03 1.016841391369929836e-03 2.385328311453225117e-03 9.367549346244840713e-04 4.732921788560459078e-04 6.115052369629125700e-05 -1.909657940030924943e-04
3.498936443955959902e-02 1.644901735148065688e-02 -3.192713767714011521e-03 4.413593168691424705e-04 1.061836497142594699e-03 9.367549346244840713e-04 1.360256132007121822e-03 2.988890901009023699e-04 1.577652018283390127e-04 -2.122508151323828523e-04
7.745962800979337010e-03 5.299165234191037001e-03 -9.878897742755486655e-04 5.220372837619849545e-05 4.248038931015131188e-04 4.732921788560459078e-04 2.988890901009023699e-04 2.261208039437738134e-04 2.040131518344520680e-05 -6.911790299209230972e-05
-5.144042414381821970e-03 9.963793537541350710e-04 -5.101084708645199032e-04 -2.690660864903163078e-04 1.534319075531637394e-04 6.115052369629125700e-05 1.577652018283390127e-04 2.040131518344520680e-05 5.819893639287687404e-05 -4.537369668240858860e-05
-7.509289725487707824e-04 -2.191112514005403612e-03 7.113765353019758150e-04 7.361689140461823199e-05 -2.110817400451874644e-04 -1.909657940030924943e-04 -2.122508151323828523e-04 -6.911790299209230972e-05 -4.537369668240858860e-05 5.126789957237165324e-05
