9.943760333673844903e-03 1.198536141385310623e-03 4.770306096337652139e-04 3.604159483662266387e-04 2.653772842470687168e-04 1.087652505529135061e-04 2.733089776528449034e-04 1.523541643442296570e-04 1.680201568890629600e-05 -4.540588333092000946e-05
1.198536141385310623e-03 1.780662488346165719e-03 5.115430591093026759e-04 2.225743633985954634e-04 9.889061306046289265e-05 8.645515211850892236e-05 1.226854536747384102e-04 1.003128513774908571e-04 4.805108403787006312e-06 -2.506371994190271485e-05
4.770306096337652139e-04 5.115430591093026759e-04 3.222043266323751528e-04 1.236428185175793509e-04 4.528405146909115077e-05 4.737286814026190777e-05 6.112611322959812592e-05 4.556985757609951956e-05 -5.838525981385145242e-06 -7.439896018286969122e-06
3.604159483662266387e-04 2.225743633985954634e-04 1.236428185175793509e-04 1.052033645578665899e-04 3.074011869288833626e-05 3.147610134829987791e-05 2.535203874613525449e-05 1.874181519718028655e-05 -1.014720116626434010e-07 -4.386204358137834668e-06
2.653772842470687168e-04 9.889061306046289265e-05 4.528405146909115077e-05 3.074011869288833626e-05 3.090298665715901326e-05 2.730300209680121368e-05 3.200194557635510450e-05 2.095923072277921045e-05 -5.339202964392893067e-07 -5.296696088230486809e-06
1.087652505529135061e-04 8.645515211850892236e-05 4.737286814026190777e-05 3.147610134829987791e-05 2.730300209680121368e-05 3.180208435545672026e-05 3.058225134982575871e-05 2.153290218399416098e-05 -1.311798722962933634e-06 -5.062621806303647057e-06
2.733089776528449034e-04 1.226854536747384102e-04 6.112611322959812592e-05 2.535203874613525449e-05 3.200194557635510450e-05 3.058225134982575871e-05 4.765612804056602999e-05 3.287405512410828502e-05 -2.742171689147929099e-06 -7.295520491124329796e-06
1.523541643442296570e-04 1.003128513774908571e-04 4.556985757609951956e-05 1.874181519718028655e-05 2.095923072277921045e-05 2.153290218399416098e-05 3.287405512410828502e-05 2.675253176071608514e-05 -2.280248232515779371e-06 -5.788769072131551836e-06
1.680201568890629600e-05 4.805108403787006312e-06 -5.838525981385145242e-06 -1.014720116626434010e-07 -5.339202964392893067e-07 -1.311798722962933634e-06 -2.742171689147929099e-06 -2.280248232515779371e-06 2.155793951419566278e-06 -7.833241232115984948e-07
-4.540588333092000946e-05 -2.506371994190271485e-05 -7.439896018286969122e-06 -4.386204358137834668e-06 -5.296696088230486809e-06 -5.062621806303647057e-06 -7.295520491124329796e-06 -5.788769072131551836e-06 -7.833241232115984948e-07 2.150624867010156663e-06
