7.603424055504176549e-01 2.991855961857205204e-02 2.359604785307682293e-02 4.878338753484091385e-03 9.625365340418967630e-03 8.394694537003873080e-03 9.309890681457636333e-03 6.311368747946264311e-03 -1.054087187138616228e-03 -7.990340169745463418e-04 2.067931988109604768e-01 2.758096407684541562e-01 8.084663112519825667e-02 2.337355166350801525e-02 -1.104028893479938080e-02 1.838683559840929719e-03 4.450402991791439777e-03 2.013934099264292309e-03 -1.063211963444083081e-03 -4.691019418421559899e-05
2.991855961857205204e-02 4.809657520031278277e-02 2.370190735965552707e-03 1.699671665558426768e-03 1.311905364991103242e-03 -6.873689327334873934e-04 8.738963019827966075e-04 9.406163563328982140e-04 3.012038087164353945e-04 -3.682729214750166797e-04 3.126874881142404639e-01 4.820625666284402908e-03 -2.527591508020956071e-03 -7.494972989082343724e-03 4.368898804854145536e-03 -1.588077892366509918e-03 5.781667345025876242e-04 7.744094433954818888e-04 2.603934255023146897e-05 -1.427490730091869782e-04
2.359604785307682293e-02 2.370190735965552707e-03 6.776313411193939963e-03 1.773669883690868598e-03 1.350771128015511996e-03 1.224702928277552087e-03 1.021113317087500279e-03 4.259690383610031223e-04 1.445617837091717815e-05 -8.594062153307323890e-05 6.349846521429959589e-02 1.903515989586649845e-02 -9.907166085831907790e-03 6.439497090411257230e-04 3.197414958605031168e-04 -6.433183473933120700e-04 -2.498160752942213598e-04 -2.008914256061291139e-04 1.097488523096717803e-04 7.062264019595141599e-06
4.878338753484091385e-03 1.699671665558426768e-03 1.773669883690868598e-03 2.647320613715110297e-03 9.212789086736693873e-04 7.482545764470109563e-04 5.600189434117220245e-04 2.749529444331788716e-04 -2.036155183439796444e-05 -6.719792656873649155e-05 3.524511337031486363e-02 2.009783700765697956e-02 -5.130820820430459159e-03 1.648066993581132631e-03 4.273866764443045728e-04 -2.770811728527854557e-04 -3.967510960397123529e-04 -2.695666238510540953e-04 8.179942698713650573e-05 -5.338150239792141400e-06
9.625365340418967630e-03 1.311905364991103242e-03 1.350771128015511996e-03 9.212789086736693873e-04 7.940730732272967968e-04 4.661409128784974368e-04 4.396826400304583698e-04 2.183926375345675156e-04 -4.251159347637200941e-05 -4.513750725468255152e-05 2.403405915277001190e-02 8.014174782758842763e-03 -1.212558321845010794e-03 5.671690322200152474e-04 2.470790154497327852e-04 -1.205623850454877379e-05 4.238755840019438261e-05 -2.106708649595619696e-05 5.452055656330516767e-05 -3.560290848655238720e-05
8.394694537003873080e-03 -6.873689327334873934e-04 1.224702928277552087e-03 7.482545764470109563e-04 4.661409128784974368e-04 5.959035938074393668e-04 3.846730007158634390e-04 2.039195386410047888e-04 -1.167834933033990381e-05 -4.150136347367771824e-05 3.070393119224495634e-02 6.191735864186070221e-03 -3.373129306245812881e-03 1.063733827637444772e-03 -7.492161171694777647e-05 -8.398750548384402578e-05 -6.033191262661971794e-05 -3.687899544960719254e-05 2.113141523696562563e-05 -1.084543817683409278e-05
9.309890681457636333e-03 8.738963019827966075e-04 1.021113317087500279e-03 5.600189434117220245e-04 4.396826400304583698e-04 3.846730007158634390e-04 4.201268250864979804e-04 2.212949019463613201e-04 -3.389238411472926814e-05 -4.319612556303862910e-05 2.589142639918131511e-02 8.246147087300672446e-03 -8.859602605766422759e-04 8.218965838921395194e-04 1.654214126341130092e-04 -7.374862207529548186e-06 1.601068030754219463e-04 5.358143863987520957e-05 1.576777236623038699e-05 -3.078471398530426483e-05
6.311368747946264311e-03 9.406163563328982140e-04 4.259690383610031223e-04 2.749529444331788716e-04 2.183926375345675156e-04 2.039195386410047888e-04 2.212949019463613201e-04 1.742323566775898561e-04 3.851798843504473605e-06 -3.975728194189917470e-05 1.800356289924927994e-02 5.487397847312508112e-03 -4.859538555145202429e-04 3.244041168618033081e-04 4.728099528124817924e-05 7.272813797744088658e-05 1.618148457241581374e-04 9.353725520587656875e-05 2.297001087728232270e-05 -3.892814957261364389e-05
-1.054087187138616228e-03 3.012038087164353945e-04 1.445617837091717815e-05 -2.036155183439796444e-05 -4.251159347637200941e-05 -1.167834933033990381e-05 -3.389238411472926814e-05 3.851798843504473605e-06 6.759979541251883751e-05 -3.383174260348338017e-05 3.110712889860447875e-04 -1.351326208196995367e-03 -6.596974870913267959e-04 -2.325886921647163201e-04 -7.835218514031849280e-05 -2.617396514760404410e-05 -3.166847218164615474e-05 -2.912660753946974359e-05 3.079515957667790699e-05 -1.159340911877047480e-05
-7.990340169745463418e-04 -3.682729214750166797e-04 -8.594062153307323890e-05 -6.719792656873649155e-05 -4.513750725468255152e-05 -4.150136347367771824e-05 -4.319612556303862910e-05 -3.975728194189917470e-05 -3.383174260348338017e-05 2.916767985139078387e-05 -2.664358459997364335e-03 -5.822801582270539789e-04 3.917963048803032688e-04 1.044559742867056123e-05 -9.788352252120210249e-06 2.746676466859356291e-06 -1.641075563419964849e-05 1.211902260462791206e-06 -2.383526616853423933e-05 1.603534872593502872e-05
2.067931988109604768e-01 3.126874881142404639e-01 6.349846521429959589e-02 3.524511337031486363e-02 2.403405915277001190e-02 3.070393119224495634e-02 2.589142639918131511e-02 1.800356289924927994e-02 3.110712889860447875e-04 -2.664358459997364335e-03 1.327697751544335425e+01 2.286551826341109706e-01 7.617310093723198006e-02 -6.697604990384391221e-02 1.154884502623757317e-02 1.180986902094682822e-02 9.682552805163091234e-03 3.194765048059117901e-02 1.064538770015057648e-03 -6.945634593238131371e-03
2.758096407684541562e-01 4.820625666284402908e-03 1.903515989586649845e-02 2.009783700765697956e-02 8.014174782758842763e-03 6.191735864186070221e-03 8.246147087300672446e-03 5.487397847312508112e-03 -1.351326208196995367e-03 -5.822801582270539789e-04 2.286551826341109706e-01 6.141228189340887100e-01 7.180839296229266089e-02 2.691045206856056138e-02 1.385771730770721764e-02 1.595862714185847242e-02 1.081227831124036490e-02 5.213242744627755165e-03 1.646382538589152443e-04 -1.957186516363859739e-03
8.084663112519825667e-02 -2.527591508020956071e-03 -9.907166085831907790e-03 -5.130820820430459159e-03 -1.212558321845010794e-03 -3.373129306245812881e-03 -8.859602605766422759e-04 -4.859538555145202429e-04 -6.596974870913267959e-04 3.917963048803032688e-04 7.617310093723198006e-02 7.180839296229266089e-02 1.090849681938484694e-01 -2.093671221036934489e-03 -1.128784475762359277e-03 6.500661019365051689e-03 3.427128841620468835e-03 2.192280839930049133e-03 -7.041400485293330220e-04 -2.209929962008955532e-04
2.337355166350801525e-02 -7.494972989082343724e-03 6.439497090411257230e-04 1.648066993581132631e-03 5.671690322200152474e-04 1.063733827637444772e-03 8.218965838921395194e-04 3.244041168618033081e-04 -2.325886921647163201e-04 1.044559742867056123e-05 -6.697604990384391221e-02 2.691045206856056138e-02 -2.093671221036934489e-03 1.372389789347622235e-02 2.217083828985451366e-03 7.207809909420132000e-04 9.271897435517912397e-04 6.051155033625800614e-04 -2.574846913382198427e-04 -5.111981462377890431e-05
-1.104028893479938080e-02 4.368898804854145536e-03 3.197414958605031168e-04 4.273866764443045728e-04 2.470790154497327852e-04 -7.492161171694777647e-05 1.654214126341130092e-04 4.728099528124817924e-05 -7.835218514031849280e-05 -9.788352252120210249e-06 1.154884502623757317e-02 1.385771730770721764e-02 -1.128784475762359277e-03 2.217083828985451366e-03 4.674176964616571887e-03 2.604150379850477307e-04 3.782446543751470788e-04 4.094838750019221918e-04 -8.499780291494203849e-05 -7.787751662877583807e-05
1.838683559840929719e-03 -1.588077892366509918e-03 -6.433183473933120700e-04 -2.770811728527854557e-04 -1.205623850454877379e-05 -8.398750548384402578e-05 -7.374862207529548186e-06 7.272813797744088658e-05 -2.617396514760404410e-05 2.746676466859356291e-06 1.180986902094682822e-02 1.595862714185847242e-02 6.500661019365051689e-03 7.207809909420132000e-04 2.604150379850477307e-04 1.354871869777172491e-03 7.877158336620747325e-04 4.607270321344487701e-04 -1.962222198658627117e-05 -1.239154806431101328e-04
4.450402991791439777e-03 5.781667345025876242e-04 -2.498160752942213598e-04 -3.967510960397123529e-04 4.238755840019438261e-05 -6.033191262661971794e-05 1.601068030754219463e-04 1.618148457241581374e-04 -3.166847218164615474e-05 -1.641075563419964849e-05 9.682552805163091234e-03 1.081227831124036490e-02 3.427128841620468835e-03 9.271897435517912397e-04 3.782446543751470788e-04 7.877158336620747325e-04 8.992098717232201817e-04 5.170736852951961877e-04 2.248398959075034238e-05 -1.442161977000183193e-04
2.013934099264292309e-03 7.744094433954818888e-04 -2.008914256061291139e-04 -2.695666238510540953e-04 -2.106708649595619696e-05 -3.687899544960719254e-05 5.358143863987520957e-05 9.353725520587656875e-05 -2.912660753946974359e-05 1.211902260462791206e-06 3.194765048059117901e-02 5.213242744627755165e-03 2.192280839930049133e-03 6.051155033625800614e-04 4.094838750019221918e-04 4.607270321344487701e-04 5.170736852951961877e-04 4.741734835415357388e-04 2.894831829911342013e-05 -1.223484328964643771e-04
-1.063211963444083081e-03 2.603934255023146897e-05 1.097488523096717803e-04 8.179942698713650573e-05 5.452055656330516767e-05 2.113141523696562563e-05 1.576777236623038699e-05 2.297001087728232270e-05 3.079515957667790699e-05 -2.383526616853423933e-05 1.064538770015057648e-03 1.646382538589152443e-04 -7.041400485293330220e-04 -2.574846913382198427e-04 -8.499780291494203849e-05 -1.962222198658627117e-05 2.248398959075034238e-05 2.894831829911342013e-05 9.537425250215558975e-05 -5.836698653256258088e-05
-4.691019418421559899e-05 -1.427490730091869782e-04 7.062264019595141599e-06 -5.338150239792141400e-06 -3.560290848655238720e-05 -1.084543817683409278e-05 -3.078471398530426483e-05 -3.892814957261364389e-05 -1.159340911877047480e-05 1.603534872593502872e-05 -6.945634593238131371e-03 -1.957186516363859739e-03 -2.209929962008955532e-04 -5.111981462377890431e-05 -7.787751662877583807e-05 -1.239154806431101328e-04 -1.442161977000183193e-04 -1.223484328964643771e-04 -5.836698653256258088e-05 6.260572788459588690e-05
