7.603424055504176549e-01 2.991855961857205204e-02 2.359604785307682293e-02 4.878338753484091385e-03 9.625365340418967630e-03 8.394694537003873080e-03 9.309890681457636333e-03 6.311368747946264311e-03 -1.054087187138616228e-03 -7.990340169745463418e-04
2.991855961857205204e-02 4.809657520031278277e-02 2.370190735965552707e-03 1.699671665558426768e-03 1.311905364991103242e-03 -6.873689327334873934e-04 8.738963019827966075e-04 9.406163563328982140e-04 3.012038087164353945e-04 -3.682729214750166797e-04
2.359604785307682293e-02 2.370190735965552707e-03 6.776313411193939963e-03 1.773669883690868598e-03 1.350771128015511996e-03 1.224702928277552087e-03 1.021113317087500279e-03 4.259690383610031223e-04 1.445617837091717815e-05 -8.594062153307323890e-05
4.878338753484091385e-03 1.699671665558426768e-03 1.773669883690868598e-03 2.647320613715110297e-03 9.212789086736693873e-04 7.482545764470109563e-04 5.600189434117220245e-04 2.749529444331788716e-04 -2.036155183439796444e-05 -6.719792656873649155e-05
9.625365340418967630e-03 1.311905364991103242e-03 1.350771128015511996e-03 9.212789086736693873e-04 7.940730732272967968e-04 4.661409128784974368e-04 4.396826400304583698e-04 2.183926375345675156e-04 -4.251159347637200941e-05 -4.513750725468255152e-05
8.394694537003873080e-03 -6.873689327334873934e-04 1.224702928277552087e-03 7.482545764470109563e-04 4.661409128784974368e-04 5.959035938074393668e-04 3.846730007158634390e-04 2.039195386410047888e-04 -1.167834933033990381e-05 -4.150136347367771824e-05
9.309890681457636333e-03 8.738963019827966075e-04 1.021113317087500279e-03 5.600189434117220245e-04 4.396826400304583698e-04 3.846730007158634390e-04 4.201268250864979804e-04 2.212949019463613201e-04 -3.389238411472926814e-05 -4.319612556303862910e-05
6.311368747946264311e-03 9.406163563328982140e-04 4.259690383610031223e-04 2.749529444331788716e-04 2.183926375345675156e-04 2.039195386410047888e-04 2.212949019463613201e-04 1.742323566775898561e-04 3.851798843504473605e-06 -3.975728194189917470e-05
-1.054087187138616228e-03 3.012038087164353945e-04 1.445617837091717815e-05 -2.036155183439796444e-05 -4.251159347637200941e-05 -1.167834933033990381e-05 -3.389238411472926814e-05 3.851798843504473605e-06 6.759979541251883751e-05 -3.383174260348338017e-05
-7.990340169745463418e-04 -3.682729214750166797e-04 -8.594062153307323890e-05 -6.719792656873649155e-05 -4.513750725468255152e-05 -4.150136347367771824e-05 -4.319612556303862910e-05 -3.975728194189917470e-05 -3.383174260348338017e-05 2.916767985139078387e-05
