1.327697751544335425e+01 2.286551826341109706e-01 7.617310093723198006e-02 -6.697604990384391221e-02 1.154884502623757317e-02 1.180986902094682822e-02 9.682552805163087764e-03 3.194765048059117207e-02 1.064538770015058082e-03 -6.945634593238131371e-03
2.286551826341109706e-01 6.141228189340887100e-01 7.180839296229266089e-02 2.691045206856056138e-02 1.385771730770721764e-02 1.595862714185847242e-02 1.081227831124036490e-02 5.213242744627755165e-03 1.646382538589154340e-04 -1.957186516363860172e-03
7.617310093723198006e-02 7.180839296229266089e-02 1.090849681938484694e-01 -2.093671221036934489e-03 -1.128784475762359277e-03 6.500661019365051689e-03 3.427128841620468835e-03 2.192280839930049133e-03 -7.041400485293330220e-04 -2.209929962008955532e-04
-6.697604990384391221e-02 2.691045206856056138e-02 -2.093671221036934489e-03 1.372389789347622235e-02 2.217083828985451366e-03 7.207809909420132000e-04 9.271897435517912397e-04 6.051155033625800614e-04 -2.574846913382198427e-04 -5.111981462377890431e-05
1.154884502623757317e-02 1.385771730770721764e-02 -1.128784475762359277e-03 2.217083828985451366e-03 4.674176964616571887e-03 2.604150379850477307e-04 3.782446543751470788e-04 4.094838750019221918e-04 -8.499780291494203849e-05 -7.787751662877583807e-05
1.180986902094682822e-02 1.595862714185847242e-02 6.500661019365051689e-03 7.207809909420132000e-04 2.604150379850477307e-04 1.354871869777172491e-03 7.877158336620747325e-04 4.607270321344487701e-04 -1.962222198658627117e-05 -1.239154806431101328e-04
9.682552805163087764e-03 1.081227831124036490e-02 3.427128841620468835e-03 9.271897435517912397e-04 3.782446543751470788e-04 7.877158336620747325e-04 8.992098717232201817e-04 5.170736852951961877e-04 2.248398959075034238e-05 -1.442161977000183193e-04
3.194765048059117207e-02 5.213242744627755165e-03 2.192280839930049133e-03 6.051155033625800614e-04 4.094838750019221918e-04 4.607270321344487701e-04 5.170736852951961877e-04 4.741734835415357388e-04 2.894831829911342013e-05 -1.223484328964643771e-04
1.064538770015058082e-03 1.646382538589154340e-04 -7.041400485293330220e-04 -2.574846913382198427e-04 -8.499780291494203849e-05 -1.962222198658627117e-05 2.248398959075034238e-05 2.894831829911342013e-05 9.537425250215558975e-05 -5.836698653256258088e-05
-6.945634593238131371e-03 -1.957186516363860172e-03 -2.209929962008955532e-04 -5.111981462377890431e-05 -7.787751662877583807e-05 -1.239154806431101328e-04 -1.442161977000183193e-04 -1.223484328964643771e-04 -5.836698653256258088e-05 6.260572788459588690e-05
